Cell,Age,Oxy,Sal,Hypoxia,Period
21750,57.2032,4.3679,31.8124,1.7857,2016-18
21765,57.1615,4.3477,31.7639,1.7857,2016-18
21775,57.2005,6.4285,32.2222,0.0000,2016-18
21776,57.1627,6.3420,32.1911,0.0000,2016-18
21777,57.1519,6.2761,32.1731,0.0000,2016-18
21780,57.0536,4.3999,31.6756,3.5714,2016-18
21789,57.1901,6.4805,32.2189,0.0000,2016-18
21790,57.1942,6.4456,32.2166,0.0000,2016-18
21791,57.1622,6.3830,32.1926,0.0000,2016-18
21792,57.1436,6.3102,32.1715,0.0000,2016-18
21795,56.9549,4.5501,31.6173,1.7857,2016-18
21804,57.1917,6.4718,32.2147,0.0000,2016-18
21805,57.1932,6.4490,32.2133,0.0000,2016-18
21806,57.1688,6.4051,32.1960,0.0000,2016-18
21807,57.1445,6.3379,32.1739,0.0000,2016-18
21810,57.1000,5.3350,31.9359,0.0000,2016-18
21811,57.1585,6.2658,32.1487,0.0000,2016-18
21812,57.1816,5.6856,32.0845,0.0000,2016-18
21821,57.1931,6.4666,32.2121,0.0000,2016-18
21822,57.1932,6.4490,32.2110,0.0000,2016-18
21823,57.1740,6.4164,32.1978,0.0000,2016-18
21824,57.1484,6.3580,32.1770,0.0000,2016-18
21827,57.1850,5.6851,32.1138,0.0000,2016-18
21828,57.1891,6.3418,32.1745,0.0000,2016-18
21829,57.2113,5.7816,32.1444,0.0000,2016-18
21830,57.1454,6.3643,32.1702,0.0000,2016-18
21831,57.1703,6.4078,32.1873,0.0000,2016-18
21832,57.2025,5.7935,32.1141,0.0000,2016-18
21833,57.2233,5.8564,32.1531,0.0000,2016-18
21842,57.1948,6.4602,32.2093,0.0000,2016-18
21843,57.1936,6.4454,32.2083,0.0000,2016-18
21844,57.1777,6.4216,32.1979,0.0000,2016-18
21845,57.1533,6.3744,32.1797,0.0000,2016-18
21848,57.2178,5.8097,32.1605,0.0000,2016-18
21849,57.2101,6.3047,32.1731,0.0000,2016-18
21850,57.2260,5.8540,32.1627,0.0000,2016-18
21851,57.1842,6.4106,32.1913,0.0000,2016-18
21852,57.2313,5.8887,32.1622,0.0000,2016-18
21853,57.1501,6.3731,32.1762,0.0000,2016-18
21854,57.1741,6.4162,32.1935,0.0000,2016-18
21855,57.1920,6.4365,32.2035,0.0000,2016-18
21856,57.2163,5.8572,32.1295,0.0000,2016-18
21857,57.2306,5.8923,32.1549,0.0000,2016-18
21858,57.2355,5.8975,32.1603,0.0000,2016-18
21867,57.1946,6.4393,32.2023,0.0000,2016-18
21868,57.1957,6.4309,32.1976,0.0000,2016-18
21871,57.2283,6.0205,32.1664,0.0000,2016-18
21872,57.2200,6.2845,32.1707,0.0000,2016-18
21873,57.2312,5.9664,32.1650,0.0000,2016-18
21874,57.1953,6.3816,32.1834,0.0000,2016-18
21875,57.2342,5.9218,32.1633,0.0000,2016-18
21876,57.2371,5.8904,32.1609,0.0000,2016-18
21877,57.2239,5.8915,32.1343,0.0000,2016-18
21878,57.2353,5.9098,32.1533,0.0000,2016-18
21879,57.2387,5.9031,32.1574,0.0000,2016-18
21880,57.2399,5.8859,32.1579,0.0000,2016-18
21889,57.1936,6.3949,32.1827,0.0000,2016-18
21890,57.1972,6.4188,32.1917,0.0000,2016-18
21891,57.1940,6.3960,32.1823,0.0000,2016-18
21896,57.2406,5.9126,32.1530,0.0000,2016-18
21897,57.2419,5.8962,32.1534,0.0000,2016-18
21906,57.1963,6.3946,32.1809,0.0000,2016-18
21907,57.1993,6.4089,32.1871,0.0000,2016-18
21922,57.2008,6.3923,32.1790,0.0000,2016-18
21923,57.2049,6.3989,32.1828,0.0000,2016-18
21936,57.2065,6.3865,32.1771,0.0000,2016-18
21937,57.2113,6.3902,32.1795,0.0000,2016-18
21950,57.2138,6.3803,32.1749,0.0000,2016-18
21951,57.2185,6.3812,32.1762,0.0000,2016-18
21965,57.2209,6.3809,32.1726,0.0000,2016-18
21966,57.2258,6.3792,32.1729,0.0000,2016-18
21982,57.2263,6.3759,32.1706,0.0000,2016-18
21983,57.2311,6.3729,32.1702,0.0000,2016-18
21998,57.2325,6.3694,32.1679,0.0000,2016-18
21999,57.2364,6.3706,32.1671,0.0000,2016-18
22004,56.1344,5.9613,31.4378,0.0000,2016-18
22013,57.2385,6.3677,32.1643,0.0000,2016-18
22014,57.2411,6.3798,32.1634,0.0000,2016-18
22016,55.6757,5.6416,30.8694,0.0000,2016-18
22017,55.7869,5.8186,31.0718,0.0000,2016-18
22018,55.9465,5.9161,31.2630,0.0000,2016-18
22019,56.1173,5.9625,31.4231,0.0000,2016-18
22028,57.2428,6.3679,32.1605,0.0000,2016-18
22029,57.2446,6.3822,32.1598,0.0000,2016-18
22031,55.6104,5.6421,30.8393,0.0000,2016-18
22032,55.6788,5.7918,30.9877,0.0000,2016-18
22033,55.8434,5.8975,31.1811,0.0000,2016-18
22034,56.0585,5.9575,31.3753,0.0000,2016-18
22042,62.3336,6.0046,30.1963,0.0000,2016-18
22043,57.2460,6.3680,32.1564,0.0000,2016-18
22044,57.2470,6.3823,32.1559,0.0000,2016-18
22046,55.5163,5.6364,30.7771,0.0000,2016-18
22047,55.3995,5.7782,30.7802,0.0000,2016-18
22048,55.5207,5.4921,30.4788,0.0000,2016-18
22049,55.6484,5.8643,31.0255,0.0000,2016-18
22050,55.9451,5.9422,31.2867,0.0000,2016-18
22056,61.7827,5.9921,30.1583,0.0000,2016-18
22057,57.2477,6.3688,32.1521,0.0000,2016-18
22058,57.2483,6.3850,32.1517,0.0000,2016-18
22060,55.3634,5.5989,30.6171,0.0000,2016-18
22061,55.2360,5.7395,30.6343,0.0000,2016-18
22062,55.1971,5.4989,30.3125,0.0000,2016-18
22063,55.3724,5.8463,30.8305,0.0000,2016-18
22064,55.6747,5.5233,30.5589,0.0000,2016-18
22065,55.0754,5.5541,30.2517,0.0000,2016-18
22066,55.7478,5.9344,31.1545,0.0000,2016-18
22071,57.2483,6.3714,32.1483,0.0000,2016-18
22072,57.2487,6.3971,32.1479,0.0000,2016-18
22074,55.2702,5.6093,30.5742,0.0000,2016-18
22075,55.1741,5.7456,30.6104,0.0000,2016-18
22076,55.3459,5.8537,30.8266,0.0000,2016-18
22077,55.7132,5.9365,31.1368,0.0000,2016-18
22078,55.7476,5.5449,30.6059,0.0000,2016-18
22079,55.0434,5.5936,30.2442,0.0000,2016-18
22084,57.2482,6.3721,32.1452,0.0000,2016-18
22085,57.2484,6.4053,32.1449,0.0000,2016-18
22087,55.1962,5.6121,30.5413,0.0000,2016-18
22088,55.1255,5.7491,30.5976,0.0000,2016-18
22089,55.3116,5.8572,30.8158,0.0000,2016-18
22090,55.6410,5.9374,31.0933,0.0000,2016-18
22092,55.0699,5.6247,30.2649,0.0000,2016-18
22097,57.2476,6.3687,32.1424,0.0000,2016-18
22098,57.2477,6.4026,32.1419,0.0000,2016-18
22100,55.9763,5.7292,31.2186,0.0000,2016-18
22101,56.2489,5.7726,31.3733,0.0000,2016-18
22102,56.4030,5.8077,31.4662,0.0000,2016-18
22103,56.5060,5.8454,31.5407,0.0000,2016-18
22110,57.2461,6.3707,32.1386,0.0000,2016-18
22111,57.2461,6.3933,32.1383,0.0000,2016-18
22113,55.9130,5.9485,31.2641,0.0000,2016-18
22114,55.9878,5.9480,31.3033,0.0000,2016-18
22115,56.0490,5.9674,31.3459,0.0000,2016-18
22116,56.1887,6.0188,31.4409,0.0000,2016-18
22123,57.2432,6.3794,32.1344,0.0000,2016-18
22124,57.2436,6.3851,32.1343,0.0000,2016-18
22126,56.1797,6.0666,31.4334,0.0000,2016-18
22127,56.2492,6.0675,31.4648,0.0000,2016-18
22128,56.3112,6.1250,31.5150,0.0000,2016-18
22129,56.6394,6.2428,31.7405,0.0000,2016-18
22130,57.6458,6.3342,32.3306,0.0000,2016-18
22137,57.2141,6.3854,32.1166,0.0000,2016-18
22138,57.2362,6.3780,32.1280,0.0000,2016-18
22141,56.2246,6.1072,31.4733,0.0000,2016-18
22142,56.3350,6.1373,31.5382,0.0000,2016-18
22143,56.4753,6.1989,31.6344,0.0000,2016-18
22144,56.8785,6.2883,31.8901,0.0000,2016-18
22145,57.6373,6.3297,32.3257,0.0000,2016-18
22146,58.3175,6.2768,32.6810,0.0000,2016-18
22147,58.1722,6.2853,32.6057,0.0000,2016-18
22154,57.1803,6.3804,32.0967,0.0000,2016-18
22155,57.1897,6.3736,32.1015,0.0000,2016-18
22158,56.1814,6.1172,31.4589,0.0000,2016-18
22159,56.2791,6.1594,31.5203,0.0000,2016-18
22160,56.3803,6.2112,31.5900,0.0000,2016-18
22161,56.5046,6.2801,31.6815,0.0000,2016-18
22162,58.5136,6.2622,32.7836,0.0000,2016-18
22163,58.3869,6.2738,32.7181,0.0000,2016-18
22168,58.5745,6.2778,32.8163,0.0000,2016-18
22169,58.5684,6.2750,32.8136,0.0000,2016-18
22172,56.0901,6.1067,31.4159,0.0000,2016-18
22173,56.1693,6.1582,31.4681,0.0000,2016-18
22174,56.2761,6.2138,31.5394,0.0000,2016-18
22175,56.3623,6.2724,31.6053,0.0000,2016-18
22180,55.9680,6.0871,31.3543,0.0000,2016-18
22181,56.0308,6.1468,31.3983,0.0000,2016-18
22182,56.1552,6.2114,31.4792,0.0000,2016-18
22183,56.2389,6.2645,31.5412,0.0000,2016-18
22188,55.7824,6.0218,31.2554,0.0000,2016-18
22189,55.8581,6.1186,31.3077,0.0000,2016-18
22190,56.0171,6.2007,31.4082,0.0000,2016-18
22191,56.1060,6.2541,31.4720,0.0000,2016-18
22196,55.6866,5.9748,31.2151,0.0000,2016-18
22197,55.6732,6.0447,31.2126,0.0000,2016-18
22198,55.8744,6.1825,31.3335,0.0000,2016-18
22199,55.9576,6.2369,31.3935,0.0000,2016-18
22204,55.5470,5.9959,31.1298,0.0000,2016-18
22205,55.5302,6.0312,31.1300,0.0000,2016-18
22206,55.6986,6.1404,31.2367,0.0000,2016-18
22207,55.7937,6.2085,31.3048,0.0000,2016-18
22211,55.4096,5.9922,31.0527,0.0000,2016-18
22212,55.3969,6.0146,31.0550,0.0000,2016-18
22213,55.5392,6.1056,31.1483,0.0000,2016-18
22214,55.6127,6.1680,31.2040,0.0000,2016-18
22218,55.2771,5.9791,30.9758,0.0000,2016-18
22219,55.2745,5.9968,30.9838,0.0000,2016-18
22220,55.3787,6.0651,31.0560,0.0000,2016-18
22221,55.4207,6.1113,31.0919,0.0000,2016-18
22223,56.5865,6.0388,28.7843,0.0000,2016-18
22225,55.1152,5.9538,30.8784,0.0000,2016-18
22226,55.1421,5.9746,30.9050,0.0000,2016-18
22227,55.2354,6.0396,30.9725,0.0000,2016-18
22228,55.2784,6.0730,31.0079,0.0000,2016-18
22230,55.5608,5.9408,28.7770,0.0000,2016-18
22232,54.9186,5.9361,30.7714,0.0000,2016-18
22233,55.0178,5.9820,30.8419,0.0000,2016-18
22234,55.1049,6.0442,30.9038,0.0000,2016-18
22235,55.1430,6.0823,30.9362,0.0000,2016-18
22237,53.0728,5.1990,29.3944,1.7857,2016-18
22239,54.7407,5.9720,30.6945,0.0000,2016-18
22240,54.8396,6.0152,30.7593,0.0000,2016-18
22241,54.8710,6.0735,30.7916,0.0000,2016-18
22242,54.7271,6.1209,30.7430,0.0000,2016-18
22243,54.6089,6.0456,30.6642,0.0000,2016-18
22245,53.8818,5.5114,30.0374,0.0000,2016-18
22247,54.5954,5.9696,30.6149,0.0000,2016-18
22248,54.6743,6.0073,30.6677,0.0000,2016-18
22249,54.7118,6.0589,30.6995,0.0000,2016-18
22250,54.5684,6.0891,30.6413,0.0000,2016-18
22251,54.4959,5.9040,30.5536,0.0000,2016-18
22254,54.4971,5.9454,30.5515,0.0000,2016-18
22255,54.5388,5.9756,30.5833,0.0000,2016-18
22256,54.5612,6.0189,30.6071,0.0000,2016-18
22257,54.4303,6.0451,30.5481,0.0000,2016-18
22260,54.4210,5.9227,30.4956,0.0000,2016-18
22261,54.4322,5.9316,30.5028,0.0000,2016-18
22262,54.4396,5.9580,30.5147,0.0000,2016-18
22263,54.3499,5.9764,30.4716,0.0000,2016-18
22266,54.3832,5.9020,30.4457,0.0000,2016-18
22267,54.4009,5.9002,30.4557,0.0000,2016-18
22268,55.8540,5.2893,30.8297,3.5714,2016-18
22269,54.4045,5.9145,30.4647,0.0000,2016-18
22270,54.3597,5.9214,30.4412,0.0000,2016-18
22273,54.5440,5.8263,30.4701,0.0000,2016-18
22274,54.6707,5.7953,30.5197,0.0000,2016-18
22275,54.6023,5.8223,30.5008,0.0000,2016-18
22276,56.7330,4.7043,31.1640,8.9286,2016-18
22277,54.5828,5.8241,30.4910,0.0000,2016-18
22280,56.1040,5.3919,31.0312,0.0000,2016-18
22281,58.0381,4.6949,31.7482,35.7143,2016-18
22282,57.9165,4.8750,31.7307,32.1429,2016-18
22283,58.0075,4.8499,31.7720,33.9286,2016-18
22287,56.5740,5.3383,31.1922,0.0000,2016-18
22288,56.7876,5.3279,31.2869,0.0000,2016-18
22289,57.7107,5.0950,31.6898,17.8571,2016-18
22290,57.9026,5.0088,31.7732,25.0000,2016-18
22294,56.7182,5.2841,31.2272,0.0000,2016-18
22295,56.8374,5.2626,31.2890,0.0000,2016-18
22296,57.0266,5.2952,31.3892,0.0000,2016-18
22297,57.1220,5.4762,31.5698,0.0000,2016-18
22301,56.9505,5.3565,31.4237,0.0000,2016-18
22302,56.9194,5.3121,31.3827,0.0000,2016-18
22303,57.1208,5.3017,31.4619,0.0000,2016-18
22304,57.3022,5.4644,31.6779,0.0000,2016-18
22308,54.6421,5.6162,30.2969,0.0000,2016-18
22309,56.8166,5.3737,31.3703,0.0000,2016-18
22310,57.0835,5.2736,31.5016,0.0000,2016-18
22311,57.3438,5.4010,31.6954,1.7857,2016-18
22316,54.5317,5.6445,30.2378,0.0000,2016-18
22317,54.5504,5.7011,30.2625,0.0000,2016-18
22318,55.0027,5.7028,30.4956,0.0000,2016-18
22319,54.8291,5.7659,30.4530,0.0000,2016-18
22324,54.4043,5.6274,30.1612,0.0000,2016-18
22325,54.5770,5.7067,30.2679,0.0000,2016-18
22326,54.5360,5.7652,30.2876,0.0000,2016-18
22332,53.7968,5.7284,29.8637,0.0000,2016-18
22333,54.4423,5.7439,30.2263,0.0000,2016-18
22339,53.4151,5.7279,29.6632,0.0000,2016-18
22340,54.3892,5.7230,30.1867,0.0000,2016-18
22345,51.3725,5.7650,28.6206,0.0000,2016-18
22346,53.4226,5.7108,29.6602,0.0000,2016-18
22347,54.3405,5.7063,30.1505,0.0000,2016-18
22351,51.6405,5.7432,28.7469,0.0000,2016-18
22352,53.3499,5.7039,29.6168,0.0000,2016-18
22353,53.9854,5.7202,29.9605,0.0000,2016-18
22357,51.5711,5.7394,28.7026,0.0000,2016-18
22358,52.2841,5.7665,29.0713,0.0000,2016-18
22359,52.7447,5.7986,29.3235,0.0000,2016-18
22363,50.7976,5.8091,28.3141,0.0000,2016-18
22364,51.4161,5.8289,28.6334,0.0000,2016-18
22365,50.7194,5.8075,28.2713,0.0000,2016-18
22366,51.9523,5.8493,28.9205,0.0000,2016-18
22370,50.9672,5.8123,28.3988,0.0000,2016-18
22371,51.3940,5.8351,28.6224,0.0000,2016-18
22372,50.9034,5.8056,28.3624,0.0000,2016-18
22373,51.2847,5.8870,28.5806,0.0000,2016-18
22374,50.7022,5.8019,28.2594,0.0000,2016-18
22375,50.8474,5.8014,28.3306,0.0000,2016-18
22379,50.9280,5.8066,28.3693,0.0000,2016-18
22380,51.1724,5.8377,28.5023,0.0000,2016-18
22381,50.4749,5.9229,28.1627,0.0000,2016-18
22382,50.5940,5.8025,28.2003,0.0000,2016-18
22383,50.3728,5.8267,28.0855,0.0000,2016-18
22387,50.7104,5.8098,28.2490,0.0000,2016-18
22388,50.3317,5.8783,28.0663,0.0000,2016-18
22389,49.5979,5.9632,27.7098,0.0000,2016-18
22390,50.1318,5.8286,27.9558,0.0000,2016-18
22391,49.5108,5.8791,27.6390,0.0000,2016-18
22395,50.3311,5.8234,28.0466,0.0000,2016-18
22396,49.0438,5.9477,27.4036,0.0000,2016-18
22397,48.3687,6.0262,27.0795,0.0000,2016-18
22398,49.8161,5.8451,27.7880,0.0000,2016-18
22399,49.3521,5.8840,27.5546,0.0000,2016-18
22403,49.5402,5.8615,27.6322,0.0000,2016-18
22404,48.4116,5.9722,27.0730,0.0000,2016-18
22405,47.8827,6.0406,26.8229,0.0000,2016-18
22406,48.8377,5.9107,27.2709,0.0000,2016-18
22407,48.2400,5.9559,26.9754,0.0000,2016-18
22411,49.1673,5.8731,27.4316,0.0000,2016-18
22412,48.2795,5.9658,26.9943,0.0000,2016-18
22413,47.7012,6.0356,26.7186,0.0000,2016-18
22414,46.7104,6.0650,26.1333,0.0000,2016-18
22415,45.7004,6.1345,25.6414,0.0000,2016-18
22419,48.9806,5.8737,27.3257,0.0000,2016-18
22420,48.0996,5.9649,26.8914,0.0000,2016-18
22421,47.5028,6.0325,26.6047,0.0000,2016-18
22427,48.7916,5.8737,27.2176,0.0000,2016-18
22428,48.0262,5.9392,26.8297,0.0000,2016-18
22429,47.8078,5.9756,26.7336,0.0000,2016-18
22430,47.3009,6.0311,26.4886,0.0000,2016-18
22440,48.5092,5.8764,27.0577,0.0000,2016-18
22441,47.7546,5.9383,26.6747,0.0000,2016-18
22442,47.5407,5.9776,26.5819,0.0000,2016-18
22443,47.0397,6.0302,26.3374,0.0000,2016-18
22447,41.5292,6.3561,23.2325,0.0000,2016-18
22448,41.1728,6.3721,23.0418,0.0000,2016-18
22455,48.1248,5.8815,26.8424,0.0000,2016-18
22456,47.4526,5.9359,26.4972,0.0000,2016-18
22457,47.2200,5.9789,26.3989,0.0000,2016-18
22458,46.7048,6.0301,26.1438,0.0000,2016-18
22460,40.9719,6.3793,22.8536,0.0000,2016-18
22462,40.8524,6.3844,22.8248,0.0000,2016-18
22463,40.7016,6.3854,22.7662,0.0000,2016-18
22464,40.4541,6.3922,22.6197,0.0000,2016-18
22467,40.1652,6.3982,22.4421,0.0000,2016-18
22472,46.9662,5.9485,26.2294,0.0000,2016-18
22473,46.8599,5.9501,26.1708,0.0000,2016-18
22474,46.7889,5.9812,26.1541,0.0000,2016-18
22475,46.2320,6.0392,25.8785,0.0000,2016-18
22479,40.6961,6.3893,22.7311,0.0000,2016-18
22488,45.3805,6.0351,25.4066,0.0000,2016-18
22489,45.5424,6.0182,25.4829,0.0000,2016-18
22490,45.8847,6.0188,25.6724,0.0000,2016-18
22491,45.5306,6.0632,25.4998,0.0000,2016-18
22495,40.1485,6.4147,22.3889,0.0000,2016-18
22506,44.6609,6.0510,25.0195,0.0000,2016-18
22507,44.4686,6.0606,24.9179,0.0000,2016-18
22508,45.2532,6.0301,25.3264,0.0000,2016-18
22509,45.1343,6.0555,25.2692,0.0000,2016-18
22522,44.1930,6.0445,24.7539,0.0000,2016-18
22523,44.1044,6.0475,24.7033,0.0000,2016-18
22524,44.8421,6.0211,25.0866,0.0000,2016-18
22525,44.6685,6.0514,25.0025,0.0000,2016-18
22527,39.1180,6.4575,21.7133,0.0000,2016-18
22539,43.5290,6.0344,24.3737,0.0000,2016-18
22540,43.6479,6.0315,24.4320,0.0000,2016-18
22541,44.1475,6.0271,24.6992,0.0000,2016-18
22542,43.7761,6.0767,24.5211,0.0000,2016-18
22544,38.9771,6.4622,21.6217,0.0000,2016-18
22546,38.7773,6.4691,21.4994,0.0000,2016-18
22547,38.9233,6.4697,21.6185,0.0000,2016-18
22559,42.9261,6.0246,24.0240,0.0000,2016-18
22560,43.0508,6.0332,24.0948,0.0000,2016-18
22561,42.9907,6.0782,24.0905,0.0000,2016-18
22562,42.5188,6.1400,23.8670,0.0000,2016-18
22563,38.5568,6.4666,21.3417,0.0000,2016-18
22566,38.4826,6.4789,21.3132,0.0000,2016-18
22567,38.3509,6.4932,21.2552,0.0000,2016-18
22568,38.3433,6.4718,21.2118,0.0000,2016-18
22580,42.3050,6.0211,23.6674,0.0000,2016-18
22581,42.1886,6.0600,23.6291,0.0000,2016-18
22582,41.7894,6.1378,23.4641,0.0000,2016-18
22583,41.2489,6.2061,23.2095,0.0000,2016-18
22584,37.6332,6.4759,20.7513,0.0000,2016-18
22585,38.1132,6.4860,21.0700,0.0000,2016-18
22586,38.0412,6.5034,21.0562,0.0000,2016-18
22587,37.8746,6.4758,20.9027,0.0000,2016-18
22588,37.0415,6.4725,20.3366,0.0000,2016-18
22600,41.3638,6.0307,23.1528,0.0000,2016-18
22601,41.0953,6.0949,23.0502,0.0000,2016-18
22602,40.1622,6.2287,22.6352,0.0000,2016-18
22603,40.1281,6.2414,22.6198,0.0000,2016-18
22604,37.9202,6.4925,20.9513,0.0000,2016-18
22605,37.8861,6.5078,20.9570,0.0000,2016-18
22606,37.6425,6.4819,20.7559,0.0000,2016-18
22607,36.9990,6.4721,20.3142,0.0000,2016-18
22608,36.5037,6.4592,19.9230,0.0000,2016-18
22622,40.7501,6.0096,22.7900,0.0000,2016-18
22623,39.3893,6.1720,22.1722,0.0000,2016-18
22624,38.1347,6.3469,21.6120,0.0000,2016-18
22625,39.3830,6.2241,22.1976,0.0000,2016-18
22626,37.7082,6.4969,20.8169,0.0000,2016-18
22627,37.7282,6.5113,20.8550,0.0000,2016-18
22631,36.1323,6.4313,19.5748,0.0000,2016-18
22632,35.7300,6.3537,19.3088,0.0000,2016-18
22648,39.4122,6.0260,22.0612,0.0000,2016-18
22649,40.0407,6.0176,22.3894,0.0000,2016-18
22650,38.9654,5.9015,21.7601,0.0000,2016-18
22651,38.5490,6.1990,21.7138,0.0000,2016-18
22652,37.4803,6.4985,20.6685,0.0000,2016-18
22653,37.4666,6.5147,20.6833,0.0000,2016-18
22656,35.7419,6.3512,19.2257,0.0000,2016-18
22657,35.3614,6.2424,18.9501,0.0000,2016-18
22671,36.4950,6.2220,20.6052,0.0000,2016-18
22672,37.3234,6.0796,20.8836,0.0000,2016-18
22673,36.5912,6.2401,20.6670,0.0000,2016-18
22674,37.4982,6.1846,21.1167,0.0000,2016-18
22675,37.2356,6.4972,20.5069,0.0000,2016-18
22676,37.1898,6.5143,20.4984,0.0000,2016-18
22679,35.3316,6.2269,18.8931,0.0000,2016-18
22680,34.9959,6.0611,18.5547,0.0000,2016-18
22693,35.8444,6.2498,20.2588,0.0000,2016-18
22694,36.6153,6.0930,20.4875,1.7857,2016-18
22695,36.1645,6.2358,20.4218,1.7857,2016-18
22696,36.5763,6.2182,20.6291,0.0000,2016-18
22702,34.9553,6.0388,18.5000,0.0000,2016-18
22703,34.6949,5.8774,18.1604,0.0000,2016-18
22716,35.4418,6.2670,20.0435,0.0000,2016-18
22717,36.1209,6.1058,20.2201,3.5714,2016-18
22718,35.7634,6.2382,20.2030,1.7857,2016-18
22719,35.8627,6.2480,20.2549,0.0000,2016-18
22738,34.9502,6.2826,19.7795,1.7857,2016-18
22739,35.6255,6.0918,19.9104,3.5714,2016-18
22740,35.2878,6.2391,19.9373,5.3571,2016-18
22741,34.9041,6.2753,19.7570,26.7857,2016-18
22764,34.5445,6.2782,19.5480,3.5714,2016-18
22765,34.8437,6.2199,19.6167,3.5714,2016-18
22766,34.6090,6.3024,19.5999,5.3571,2016-18
22767,34.4358,6.2897,19.5023,0.0000,2016-18
22787,34.1635,6.2791,19.3367,0.0000,2016-18
22788,34.4713,6.2536,19.4488,0.0000,2016-18
22789,33.1105,6.4331,18.8776,0.0000,2016-18
22790,32.5367,6.4090,18.5653,0.0000,2016-18
22808,33.0599,6.3330,18.7766,0.0000,2016-18
22809,33.7788,6.2808,19.0949,0.0000,2016-18
22810,32.2753,6.4713,18.4537,0.0000,2016-18
22811,31.7145,6.4461,18.1503,0.0000,2016-18
22829,33.7431,6.1760,19.0414,0.0000,2016-18
22830,31.0623,6.4652,17.7876,0.0000,2016-18
22831,32.9664,6.3329,18.7195,0.0000,2016-18
22832,31.1535,6.4614,17.8615,0.0000,2016-18
22849,32.7472,6.1841,18.5356,0.0000,2016-18
22850,31.0818,6.3907,17.7704,1.7857,2016-18
22851,32.1915,6.3333,18.3114,0.0000,2016-18
22852,30.8134,6.4588,17.6807,0.0000,2016-18
22869,32.0937,6.1328,18.1879,0.0000,2016-18
22870,30.9214,6.3533,17.6734,0.0000,2016-18
22871,31.3881,6.3456,17.9054,0.0000,2016-18
22872,31.4610,6.2943,17.8537,0.0000,2016-18
22890,28.5150,6.5554,16.5097,0.0000,2016-18
22891,30.6278,6.3552,17.5162,0.0000,2016-18
22892,30.8040,6.3754,17.6191,0.0000,2016-18
22893,30.7874,6.3250,17.5566,0.0000,2016-18
22912,27.9333,6.5179,16.1984,0.0000,2016-18
22913,30.2233,6.3554,17.3067,0.0000,2016-18
22914,32.5791,5.5337,18.1238,3.5714,2016-18
22915,30.2834,6.3471,17.3273,0.0000,2016-18
22934,29.3529,6.3319,16.8545,0.0000,2016-18
22935,36.0188,4.6742,19.4633,3.5714,2016-18
22936,36.6671,4.5573,19.7362,3.5714,2016-18
22937,30.0051,6.3468,17.1814,0.0000,2016-18
22948,29.0775,6.3411,16.7152,0.0000,2016-18
22949,36.3695,4.6250,19.6098,3.5714,2016-18
22950,37.3518,4.3889,20.0161,3.5714,2016-18
22951,34.5515,5.0433,18.8691,1.7857,2016-18
22961,28.9899,6.3517,16.6686,0.0000,2016-18
22962,36.1530,4.6517,19.5040,3.5714,2016-18
22963,37.2681,4.4181,19.9779,3.5714,2016-18
22964,35.6080,4.7543,19.2729,1.7857,2016-18
22973,28.9896,6.3363,16.6595,0.0000,2016-18
22974,35.8976,4.6842,19.3940,5.3571,2016-18
22975,37.0044,4.4449,19.8632,5.3571,2016-18
22976,35.2130,4.8074,19.1061,3.5714,2016-18
22985,26.2479,6.5840,15.3757,0.0000,2016-18
22986,31.0715,5.8581,17.4874,0.0000,2016-18
22987,36.2612,4.5852,19.5485,7.1429,2016-18
22988,32.5502,5.3825,18.0431,5.3571,2016-18
22997,25.3557,6.6269,14.9535,0.0000,2016-18
22998,29.3784,6.2639,16.8098,0.0000,2016-18
22999,36.2954,4.4127,19.5752,23.2143,2016-18
23000,33.8645,4.9051,18.5581,14.2857,2016-18
23009,25.1481,6.6156,14.8455,0.0000,2016-18
23010,28.9069,6.3154,16.5910,0.0000,2016-18
23011,36.6471,4.3741,19.7241,41.0714,2016-18
23012,29.9360,6.0373,16.9903,1.7857,2016-18
23021,25.1488,6.6064,14.8448,0.0000,2016-18
23022,30.6510,5.4460,17.1814,1.7857,2016-18
23023,36.6825,4.4338,19.7400,44.6429,2016-18
23024,29.7218,6.0108,16.8809,3.5714,2016-18
23033,27.4984,6.1927,15.8673,0.0000,2016-18
23034,30.7445,5.5434,17.2340,1.7857,2016-18
23035,36.7426,4.4909,19.7647,46.4286,2016-18
23036,30.0726,5.7915,16.9848,7.1429,2016-18
23045,27.7047,6.1363,15.9580,0.0000,2016-18
23046,30.7555,5.4996,17.2123,3.5714,2016-18
23047,36.6110,4.5522,19.7088,46.4286,2016-18
23048,36.6688,4.2467,19.7136,48.2143,2016-18
23054,27.9425,6.0718,16.0483,0.0000,2016-18
23055,37.5093,4.3726,20.0958,50.0000,2016-18
23056,36.6968,4.5991,19.7465,46.4286,2016-18
23057,30.9962,5.3761,17.2923,12.5000,2016-18
23060,30.9645,5.3860,17.2494,19.6429,2016-18
23061,37.4622,4.5344,20.0746,50.0000,2016-18
23062,37.0487,4.6250,19.8958,46.4286,2016-18
23063,30.8691,5.3322,17.2070,12.5000,2016-18
23066,31.0078,5.3825,17.2595,19.6429,2016-18
23067,42.7609,3.3131,22.5397,60.7143,2016-18
23068,43.1608,3.2258,22.7340,60.7143,2016-18
23069,30.7285,5.3321,17.1317,12.5000,2016-18
23072,31.0061,5.3668,17.2474,19.6429,2016-18
23073,42.9691,3.2537,22.6403,60.7143,2016-18
23074,43.0072,3.2596,22.6593,60.7143,2016-18
23075,30.5669,5.3695,17.0547,10.7143,2016-18
23078,28.0198,5.9430,16.0305,0.0000,2016-18
23079,37.0986,4.5100,19.9032,50.0000,2016-18
23080,42.6198,3.2754,22.4711,66.0714,2016-18
23081,30.8093,5.3494,17.1428,16.0714,2016-18
23084,27.7575,6.0193,15.9311,0.0000,2016-18
23085,37.1690,4.4040,19.9272,50.0000,2016-18
23086,42.8618,3.1576,22.5884,67.8571,2016-18
23087,31.0630,5.3658,17.2444,21.4286,2016-18
23090,27.6275,6.0670,15.8833,1.7857,2016-18
23091,37.0489,4.4407,19.8690,51.7857,2016-18
23092,42.9959,3.0872,22.6525,66.0714,2016-18
23093,31.1390,5.3884,17.2807,19.6429,2016-18
23096,27.3370,6.0501,15.7450,3.5714,2016-18
23097,36.0373,4.5714,19.3865,53.5714,2016-18
23098,43.0319,3.0353,22.6698,67.8571,2016-18
23099,31.4276,5.3285,17.3956,23.2143,2016-18
23102,27.3392,5.9926,15.7438,3.5714,2016-18
23103,32.1178,5.3102,17.6889,25.0000,2016-18
23104,42.9848,3.0252,22.6470,67.8571,2016-18
23105,35.2017,4.3201,19.0009,46.4286,2016-18
23108,25.1001,6.3765,14.7650,0.0000,2016-18
23109,30.7755,5.4036,17.1442,19.6429,2016-18
23110,37.1506,4.2326,19.9252,51.7857,2016-18
23111,30.9560,5.3960,17.2017,19.6429,2016-18
23114,27.3025,6.0528,15.7250,1.7857,2016-18
23115,30.5229,5.2994,17.0192,25.0000,2016-18
23116,30.4942,5.4167,17.0129,21.4286,2016-18
23117,27.4631,6.1406,15.7813,0.0000,2016-18
23120,27.1073,6.0274,15.6274,5.3571,2016-18
23121,27.7930,5.9969,15.9243,0.0000,2016-18
23122,30.5373,5.1613,17.0179,33.9286,2016-18
23123,26.1127,6.2218,15.0113,0.0000,2016-18
23126,26.6933,5.9981,15.4306,10.7143,2016-18
23127,27.3422,5.9655,15.7182,7.1429,2016-18
23128,27.6692,6.0047,15.8667,0.0000,2016-18
23129,26.6212,6.1105,15.3089,0.0000,2016-18
23132,26.1167,5.9586,15.1559,10.7143,2016-18
23133,23.6229,6.5579,14.1013,0.0000,2016-18
23134,27.3007,5.9573,15.6970,8.9286,2016-18
23135,26.4496,5.9686,15.2643,14.2857,2016-18
23138,24.4017,6.3158,14.4154,0.0000,2016-18
23139,19.9511,6.8426,12.3994,0.0000,2016-18
23140,24.4888,6.4856,14.4646,0.0000,2016-18
23141,25.1881,6.3019,14.6569,0.0000,2016-18
23144,22.3278,6.4950,13.4596,0.0000,2016-18
23145,19.5793,6.8609,12.2213,0.0000,2016-18
23146,23.0506,6.5997,13.7787,0.0000,2016-18
23147,24.2889,6.3844,14.2369,0.0000,2016-18
23150,20.5540,6.6555,12.6420,0.0000,2016-18
23151,20.1189,6.7745,12.4558,0.0000,2016-18
23152,22.7241,6.6013,13.6094,0.0000,2016-18
23153,23.4203,6.4597,13.8349,0.0000,2016-18
23156,20.0218,6.7155,12.3952,0.0000,2016-18
23157,19.8386,6.7976,12.3081,0.0000,2016-18
23158,21.2780,6.7066,12.9305,0.0000,2016-18
23159,22.7767,6.5067,13.5381,0.0000,2016-18
23162,19.5660,6.7619,12.1862,1.7857,2016-18
23163,19.9342,6.7764,12.3389,0.0000,2016-18
23164,21.1025,6.6976,12.8399,0.0000,2016-18
23165,22.3031,6.5291,13.3185,0.0000,2016-18
23168,19.2755,6.7874,12.0459,1.7857,2016-18
23169,19.6828,6.7817,12.2175,0.0000,2016-18
23170,20.7823,6.6878,12.6927,0.0000,2016-18
23171,20.4789,6.6776,12.4903,0.0000,2016-18
23174,18.8575,6.8179,11.8489,0.0000,2016-18
23175,19.1873,6.8171,11.9874,19.6429,2016-18
23176,19.9070,6.7353,12.2878,0.0000,2016-18
23177,17.2296,6.9542,11.0323,0.0000,2016-18
23180,18.4467,6.8512,11.6605,44.6429,2016-18
23181,18.8089,6.8472,11.8232,25.0000,2016-18
23182,19.2348,6.7993,11.9760,0.0000,2016-18
23183,17.3069,6.9321,11.0828,0.0000,2016-18
23186,18.0414,6.8810,11.4675,0.0000,2016-18
23187,18.4222,6.8695,11.6452,0.0000,2016-18
23188,17.9919,6.9022,11.4066,0.0000,2016-18
23189,16.5753,6.9606,10.7475,0.0000,2016-18
23192,17.6393,6.9001,11.2794,0.0000,2016-18
23193,18.0575,6.8852,11.4749,0.0000,2016-18
23194,15.7183,7.0941,10.3714,0.0000,2016-18
23195,15.3031,7.0318,10.1677,0.0000,2016-18
23198,17.2160,6.9185,11.0815,0.0000,2016-18
23199,17.6289,6.9062,11.2749,0.0000,2016-18
23200,14.7865,7.1491,9.9461,0.0000,2016-18
23201,14.2480,7.0802,9.6876,0.0000,2016-18
23204,16.7504,6.9425,10.8640,0.0000,2016-18
23205,17.0807,6.9368,11.0267,57.1429,2016-18
23206,13.8468,7.2002,9.5191,0.0000,2016-18
23207,12.5109,7.2006,8.9070,0.0000,2016-18
23210,16.3071,6.9648,10.6567,0.0000,2016-18
23211,16.6651,6.9616,10.8319,55.3571,2016-18
23212,13.1618,7.2285,9.2089,0.0000,2016-18
23216,15.8617,6.9854,10.4484,0.0000,2016-18
23217,16.2876,6.9848,10.6560,57.1429,2016-18
23218,13.1027,7.2474,9.1841,0.0000,2016-18
23219,10.7406,7.4258,8.1193,0.0000,2016-18
23222,15.3975,7.0038,10.2317,0.0000,2016-18
23223,15.8875,7.0081,10.4718,53.5714,2016-18
23224,15.3862,7.0110,10.2345,0.0000,2016-18
23225,11.0894,7.4198,8.2761,0.0000,2016-18
23228,14.8467,7.0151,9.9758,0.0000,2016-18
23229,15.3559,7.0389,10.2229,0.0000,2016-18
23230,14.9832,7.0293,10.0478,1.7857,2016-18
23231,11.8864,7.3725,8.6345,0.0000,2016-18
23234,14.2494,7.0092,9.7007,1.7857,2016-18
23235,14.8695,7.0575,9.9967,1.7857,2016-18
23236,14.2215,7.0893,9.6989,1.7857,2016-18
23237,11.0838,7.4941,8.2742,0.0000,2016-18
23240,13.7583,7.0170,9.4809,3.5714,2016-18
23241,14.3441,7.0751,9.7537,1.7857,2016-18
23242,13.5899,7.1175,9.4095,1.7857,2016-18
23243,10.9078,7.3195,8.2177,14.2857,2016-18
23246,9.2688,7.6587,7.4525,0.0000,2016-18
23247,13.2473,7.1726,9.2553,0.0000,2016-18
23248,13.1446,7.1456,9.2074,1.7857,2016-18
23249,10.7532,7.4154,8.1467,12.5000,2016-18
23252,7.5476,7.8723,6.6628,0.0000,2016-18
23253,12.0032,7.2855,8.6966,0.0000,2016-18
23254,12.5883,7.1681,8.9601,1.7857,2016-18
23255,8.1542,7.7842,6.9492,0.0000,2016-18
23258,5.9943,8.0704,5.9311,0.0000,2016-18
23259,9.8263,7.5301,7.7309,0.0000,2016-18
23260,10.2654,7.4385,7.9662,1.7857,2016-18
23261,5.4225,8.0939,5.6766,0.0000,2016-18
23264,6.0471,7.9465,6.0053,1.7857,2016-18
23265,9.1331,7.5600,7.4677,0.0000,2016-18
23266,9.6704,7.4866,7.7259,1.7857,2016-18
23267,5.8967,7.9025,5.9219,1.7857,2016-18
23270,5.6449,7.7607,5.7429,1.7857,2016-18
23271,7.8839,7.7033,6.8948,0.0000,2016-18
23272,6.6306,7.7614,6.2698,1.7857,2016-18
23275,5.9092,7.5884,5.7367,0.0000,2016-18
23276,7.8655,7.1759,6.6641,1.7857,2016-18
23277,6.3083,7.7535,6.0521,1.7857,2016-18
23280,6.1382,7.6456,5.8028,0.0000,2016-18
23281,8.1192,7.0675,6.6819,0.0000,2016-18
23282,8.8408,6.8538,6.8372,1.7857,2016-18
23285,8.5561,6.6633,6.6573,10.7143,2016-18
23286,22.8509,4.0558,12.6356,37.5000,2016-18
23287,8.6879,6.9600,6.7693,3.5714,2016-18
23290,8.4401,6.9088,6.5848,3.5714,2016-18
23291,30.2200,2.5107,15.7773,58.9286,2016-18
23292,23.5674,3.4735,12.9403,42.8571,2016-18
23295,8.0462,7.1381,6.2721,0.0000,2016-18
23296,29.9743,2.6141,15.6690,58.9286,2016-18
23297,8.4762,7.0428,6.6673,1.7857,2016-18
23300,8.6837,6.9770,6.6673,3.5714,2016-18
23301,30.1863,2.4586,15.7631,67.8571,2016-18
23302,8.5856,7.0167,6.7043,3.5714,2016-18
23305,5.3513,7.6042,5.5870,1.7857,2016-18
23306,21.5229,3.5862,12.0624,50.0000,2016-18
23307,8.7281,7.0071,6.7553,3.5714,2016-18
23310,5.1378,7.5999,5.5567,1.7857,2016-18
23311,9.2721,6.4121,7.0025,28.5714,2016-18
23312,5.2163,7.5767,5.5901,3.5714,2016-18
23315,5.1293,7.6408,5.5673,1.7857,2016-18
23316,5.5885,7.6682,5.6645,1.7857,2016-18
23317,5.2620,7.4608,5.6210,5.3571,2016-18
23320,5.0004,7.8023,5.5288,3.5714,2016-18
23321,6.0952,7.1396,5.9969,46.4286,2016-18
23322,5.2129,7.5405,5.6039,7.1429,2016-18
23325,6.2702,7.0698,6.1918,39.2857,2016-18
23326,6.3025,7.0747,6.2013,48.2143,2016-18
23327,5.1185,7.6389,5.5750,8.9286,2016-18
23330,6.3432,7.1150,6.2164,39.2857,2016-18
23331,17.3290,2.8776,11.1233,71.4286,2016-18
23332,6.3729,7.0330,6.2262,51.7857,2016-18
23333,4.9164,7.7338,5.5173,12.5000,2016-18
23336,4.2773,8.0905,5.2672,1.7857,2016-18
23337,15.5037,3.3012,10.3473,69.6429,2016-18
23338,4.2109,8.1397,5.2426,7.1429,2016-18
23339,4.0345,8.1649,5.1737,0.0000,2016-18
23342,4.0447,8.1742,5.1791,1.7857,2016-18
23343,4.1625,8.1325,5.2324,53.5714,2016-18
23344,4.0273,8.1739,5.1713,0.0000,2016-18
23345,3.9327,8.1843,5.1317,0.0000,2016-18
23348,3.8876,8.2235,5.1117,0.0000,2016-18
23349,3.9086,8.2122,5.1206,0.0000,2016-18
23350,3.8159,8.2310,5.0810,0.0000,2016-18
23351,3.7942,8.2223,5.0730,0.0000,2016-18
23354,3.7727,8.2670,5.0599,0.0000,2016-18
23355,3.8732,8.1952,5.1046,0.0000,2016-18
23356,3.7567,8.2495,5.0546,0.0000,2016-18
23357,3.7525,8.2308,5.0562,0.0000,2016-18
23360,3.7458,8.1893,5.0458,0.0000,2016-18
23361,3.8398,8.1998,5.0894,0.0000,2016-18
23362,3.8397,8.1712,5.0915,0.0000,2016-18
23363,3.7987,8.1780,5.0823,1.7857,2016-18
23366,3.6906,8.2195,5.0210,0.0000,2016-18
23367,3.9234,7.8818,5.1386,51.7857,2016-18
23368,4.4660,7.2727,5.4429,58.9286,2016-18
23369,3.8984,8.0617,5.1351,1.7857,2016-18
23372,3.6564,8.2772,5.0063,0.0000,2016-18
23373,4.2246,7.4872,5.3055,48.2143,2016-18
23374,4.7503,7.0979,5.5947,57.1429,2016-18
23375,3.9274,8.0291,5.1565,0.0000,2016-18
23378,3.6507,8.2747,5.0047,0.0000,2016-18
23379,3.6806,8.2542,5.0201,0.0000,2016-18
23380,4.8803,7.0191,5.6638,57.1429,2016-18
23381,4.6395,7.1844,5.5424,60.7143,2016-18
23384,3.6271,8.2011,4.9899,0.0000,2016-18
23385,3.6811,8.2010,5.0195,0.0000,2016-18
23386,5.0196,6.9537,5.7339,60.7143,2016-18
23387,4.6237,7.2541,5.5347,62.5000,2016-18
23390,3.6083,8.2031,4.9825,0.0000,2016-18
23391,3.6465,8.2111,5.0025,0.0000,2016-18
23392,5.0804,6.8316,5.7644,64.2857,2016-18
23393,3.7863,8.0485,5.0977,1.7857,2016-18
23396,3.5994,8.1827,4.9816,0.0000,2016-18
23397,3.6060,8.2297,4.9877,0.0000,2016-18
23398,3.5941,8.2224,4.9855,0.0000,2016-18
23399,3.6010,8.1640,5.0071,3.5714,2016-18
23402,3.5543,8.2118,4.9565,0.0000,2016-18
23403,3.5956,8.2334,4.9806,0.0000,2016-18
23404,3.5356,8.2629,4.9535,0.0000,2016-18
23405,3.4957,8.2799,4.9333,0.0000,2016-18
23408,3.5187,8.2938,4.9408,0.0000,2016-18
23409,3.5530,8.2809,4.9589,1.7857,2016-18
23410,3.4723,8.3009,4.9208,0.0000,2016-18
23411,3.4692,8.2925,4.9199,0.0000,2016-18
23414,3.4584,8.3020,4.9103,1.7857,2016-18
23415,3.5510,8.2513,4.9576,58.9286,2016-18
23416,3.5548,8.1979,4.9595,58.9286,2016-18
23417,3.4867,8.2741,4.9291,5.3571,2016-18
23420,3.4621,8.2447,4.9109,0.0000,2016-18
23421,3.5423,8.2514,4.9530,55.3571,2016-18
23422,3.5462,8.2179,4.9549,55.3571,2016-18
23423,3.5017,8.2392,4.9357,8.9286,2016-18
23426,3.4750,8.1258,4.9180,60.7143,2016-18
23427,3.5336,8.2128,4.9482,60.7143,2016-18
23428,3.5021,8.2322,4.9344,8.9286,2016-18
23429,3.4110,8.2853,4.8920,0.0000,2016-18
23432,3.4761,8.1597,4.9197,60.7143,2016-18
23433,3.5304,8.1905,4.9467,60.7143,2016-18
23434,3.4027,8.3027,4.8871,0.0000,2016-18
23435,3.3608,8.2881,4.8665,0.0000,2016-18
23438,3.4800,8.1016,4.9240,60.7143,2016-18
23439,3.5154,8.1501,4.9407,58.9286,2016-18
23440,3.3521,8.2946,4.8621,0.0000,2016-18
23441,3.3055,8.2876,4.8386,0.0000,2016-18
23445,3.3602,8.2956,4.8678,8.9286,2016-18
23446,3.3609,8.3022,4.8683,14.2857,2016-18
23447,3.2863,8.2976,4.8293,0.0000,2016-18
23448,3.2645,8.2958,4.8176,0.0000,2016-18
23453,3.3591,8.2939,4.8666,0.0000,2016-18
23454,3.3371,8.3091,4.8569,0.0000,2016-18
23455,3.2620,8.3204,4.8161,0.0000,2016-18
23456,3.2512,8.3116,4.8102,0.0000,2016-18
23462,3.3681,8.2194,4.8702,0.0000,2016-18
23463,3.3397,8.2861,4.8589,0.0000,2016-18
23464,3.2594,8.3216,4.8142,0.0000,2016-18
23465,3.2434,8.3236,4.8054,0.0000,2016-18
23474,3.3050,8.3121,4.8344,0.0000,2016-18
23475,3.3368,8.2305,4.8546,0.0000,2016-18
23476,3.2685,8.3042,4.8195,0.0000,2016-18
23477,3.2318,8.3240,4.7996,0.0000,2016-18
23487,3.2615,8.3427,4.8097,0.0000,2016-18
23488,3.3288,8.1944,4.8508,0.0000,2016-18
23489,3.2306,8.3223,4.7976,0.0000,2016-18
23490,3.1987,8.3395,4.7813,0.0000,2016-18
23505,3.2128,8.3682,4.7807,0.0000,2016-18
23506,3.3177,8.0681,4.8469,0.0000,2016-18
23507,3.1783,8.3560,4.7692,0.0000,2016-18
23508,3.1665,8.3534,4.7658,0.0000,2016-18
23528,3.1859,8.3855,4.7588,0.0000,2016-18
23529,3.2534,8.1308,4.8114,0.0000,2016-18
23530,3.1566,8.3546,4.7611,0.0000,2016-18
23531,3.1504,8.3493,4.7626,0.0000,2016-18
23559,3.1641,8.4030,4.7363,0.0000,2016-18
23560,3.2681,8.0838,4.8735,0.0000,2016-18
23561,3.2862,8.1081,4.9220,0.0000,2016-18
23562,3.1813,8.2894,4.7998,0.0000,2016-18
23594,3.1832,8.3543,4.7385,0.0000,2016-18
23595,3.3630,7.8945,5.0136,0.0000,2016-18
23596,3.4661,7.8216,5.1532,0.0000,2016-18
23597,3.2488,8.1592,4.8963,0.0000,2016-18
23633,3.1990,8.2720,4.7469,0.0000,2016-18
23634,3.4804,7.7117,5.1823,0.0000,2016-18
23635,5.0792,4.8868,6.8596,30.3571,2016-18
23636,3.5110,7.5423,5.2651,0.0000,2016-18
23671,3.2114,8.1522,4.7696,0.0000,2016-18
23672,3.5035,7.6365,5.2226,0.0000,2016-18
23673,4.7960,5.3831,6.5893,30.3571,2016-18
23674,3.4279,7.7396,5.1738,0.0000,2016-18
23712,3.1625,8.2802,4.7914,0.0000,2016-18
23713,3.1878,8.2172,4.8382,0.0000,2016-18
23714,3.3457,7.8836,5.0829,0.0000,2016-18
23715,3.2760,7.9989,5.0108,0.0000,2016-18
23750,3.1507,8.2589,4.7818,0.0000,2016-18
23751,3.2525,8.0174,4.9397,0.0000,2016-18
23752,3.3179,7.9211,5.0901,0.0000,2016-18
23753,3.1479,8.2872,4.8734,0.0000,2016-18
23792,3.2741,8.0578,5.0943,0.0000,2016-18
23793,3.3168,8.1482,5.2358,0.0000,2016-18
23794,3.2357,8.2299,5.0924,0.0000,2016-18
23795,3.1456,8.3066,4.8934,0.0000,2016-18
23841,3.5123,7.9840,5.6451,0.0000,2016-18
23842,5.0248,6.9595,8.7723,0.0000,2016-18
23843,5.0213,7.0340,8.7773,0.0000,2016-18
23844,3.5780,7.9661,5.7901,0.0000,2016-18
23893,3.2994,8.2000,5.2386,0.0000,2016-18
23894,5.0238,6.9875,8.7677,0.0000,2016-18
23895,6.1126,5.9413,10.6523,0.0000,2016-18
23896,3.5913,7.9845,5.8861,0.0000,2016-18
23947,3.1490,8.3207,4.9434,0.0000,2016-18
23948,4.8968,7.1430,8.6396,0.0000,2016-18
23949,6.1053,6.2398,10.6601,0.0000,2016-18
23950,5.0908,7.0315,8.9487,0.0000,2016-18
24006,3.1108,8.3294,4.8655,0.0000,2016-18
24007,5.1083,7.0706,9.0329,0.0000,2016-18
24008,6.3996,6.2218,11.1223,0.0000,2016-18
24009,5.1158,7.0718,9.0206,0.0000,2016-18
24048,3.0833,8.3248,4.8126,0.0000,2016-18
24049,5.9082,6.5252,10.6708,0.0000,2016-18
24050,6.3705,6.2561,11.1026,0.0000,2016-18
24051,5.9546,6.4732,10.6911,0.0000,2016-18
24083,2.8649,8.4384,4.5195,0.0000,2016-18
24084,5.7376,6.6393,10.5587,0.0000,2016-18
24085,6.3332,6.2741,11.0862,0.0000,2016-18
24086,4.9315,7.1875,8.9724,0.0000,2016-18
24109,2.8422,8.4274,4.4736,0.0000,2016-18
24110,4.5477,7.2597,9.1360,0.0000,2016-18
24111,5.5831,6.6759,10.5196,0.0000,2016-18
24112,3.0816,8.2775,5.2133,0.0000,2016-18
24129,2.8367,8.4214,4.4576,0.0000,2016-18
24130,4.4463,7.2817,9.1730,0.0000,2016-18
24131,4.3624,7.3425,9.1903,0.0000,2016-18
24132,2.7831,8.4459,4.4458,0.0000,2016-18
24149,2.8219,8.4206,4.4215,0.0000,2016-18
24150,4.3584,7.3175,9.1266,0.0000,2016-18
24151,5.3373,6.1485,10.9907,0.0000,2016-18
24152,3.3270,8.1033,5.9050,0.0000,2016-18
24167,2.8123,8.4158,4.3961,0.0000,2016-18
24168,4.0804,7.5181,9.0128,0.0000,2016-18
24169,5.3628,6.1143,10.9997,0.0000,2016-18
24170,4.2308,7.0503,8.7309,0.0000,2016-18
24178,2.7811,8.4179,4.3418,0.0000,2016-18
24179,3.8953,7.6636,8.9908,0.0000,2016-18
24180,5.2962,6.0725,10.9522,0.0000,2016-18
24181,3.4214,7.9578,6.2162,0.0000,2016-18
24185,2.7839,8.3690,4.3496,0.0000,2016-18
24186,4.9903,6.0813,10.8059,0.0000,2016-18
24187,5.1095,6.0503,10.8526,0.0000,2016-18
24188,2.7197,8.3416,4.3774,0.0000,2016-18
24192,3.1535,8.0646,6.1015,0.0000,2016-18
24193,4.9719,6.3343,10.7602,0.0000,2016-18
24194,5.0650,6.1111,10.8112,0.0000,2016-18
24195,2.6797,8.3803,4.3331,0.0000,2016-18
24201,3.1467,8.0962,6.1686,0.0000,2016-18
24202,5.0054,6.3475,10.7677,0.0000,2016-18
24203,5.1166,6.0661,10.8345,0.0000,2016-18
24204,2.6747,8.3926,4.3490,0.0000,2016-18
24212,3.1902,8.0144,6.2842,0.0000,2016-18
24213,4.8491,6.4963,10.6978,0.0000,2016-18
24214,3.8900,7.5852,9.0565,0.0000,2016-18
24215,2.6608,8.4395,4.3393,0.0000,2016-18
24226,3.1595,8.0229,6.3133,0.0000,2016-18
24227,3.5828,7.8053,9.3416,0.0000,2016-18
24228,3.7429,7.6070,9.2868,0.0000,2016-18
24229,2.6581,8.4216,4.3790,0.0000,2016-18
24242,3.1378,8.0183,6.2025,0.0000,2016-18
24243,4.6335,6.6490,11.7237,0.0000,2016-18
24244,3.6328,7.6600,9.3859,0.0000,2016-18
24245,2.6947,8.2769,4.5390,0.0000,2016-18
24260,3.4766,7.8293,9.5376,0.0000,2016-18
24261,4.5487,6.9222,11.7053,0.0000,2016-18
24262,3.0690,8.1453,6.2511,0.0000,2016-18
24263,2.6819,8.2770,4.5375,0.0000,2016-18
24280,3.4014,7.9537,9.5955,0.0000,2016-18
24281,4.4440,7.1748,11.6891,0.0000,2016-18
24282,3.0679,8.1744,6.3708,0.0000,2016-18
24283,2.6561,8.3145,4.4723,0.0000,2016-18
24300,3.3216,8.0301,9.6419,0.0000,2016-18
24301,4.3247,7.3803,11.6784,0.0000,2016-18
24302,3.3408,7.8481,9.5074,0.0000,2016-18
24303,2.6274,8.3625,4.3889,0.0000,2016-18
24321,4.2155,7.4760,11.5882,0.0000,2016-18
24322,5.0149,6.9068,12.2432,0.0000,2016-18
24323,3.2502,7.9789,9.5665,0.0000,2016-18
24324,2.6272,8.3889,4.3937,0.0000,2016-18
24343,4.8944,7.0313,12.2217,0.0000,2016-18
24344,4.9667,6.9655,12.2339,0.0000,2016-18
24345,3.1553,8.0643,9.5872,0.0000,2016-18
24346,2.6613,8.3770,4.5290,0.0000,2016-18
24357,4.8728,7.0222,12.2144,0.0000,2016-18
24358,4.8913,7.0061,12.2180,0.0000,2016-18
24359,2.8814,8.1981,9.7307,0.0000,2016-18
24360,2.6440,8.4087,4.5009,0.0000,2016-18
24367,2.7957,8.2740,9.8658,0.0000,2016-18
24368,2.9674,8.0709,11.4694,0.0000,2016-18
24369,2.6889,8.3424,9.9462,0.0000,2016-18
24370,2.6804,8.3231,5.7813,0.0000,2016-18
24378,2.5140,8.4635,4.2759,0.0000,2016-18
24379,2.6468,8.3521,11.5395,0.0000,2016-18
24380,2.0160,8.5031,23.9593,0.0000,2016-18
24381,2.5935,8.3794,11.8725,0.0000,2016-18
24390,2.5299,8.3875,4.3676,0.0000,2016-18
24391,2.5865,8.3999,5.9844,0.0000,2016-18
24392,1.8809,8.6830,23.7429,0.0000,2016-18
24393,2.5482,8.4331,12.2298,0.0000,2016-18
24405,2.5127,8.3312,4.4204,0.0000,2016-18
24406,2.5922,8.3742,12.2631,0.0000,2016-18
24407,0.2050,9.8146,29.9749,0.0000,2016-18
24408,1.7611,8.7777,23.5825,0.0000,2016-18
24420,2.4731,8.3250,4.4612,0.0000,2016-18
24421,1.7869,8.6618,23.5294,0.0000,2016-18
24422,0.0086,9.9644,29.9999,0.0000,2016-18
24423,1.7003,8.8738,23.6202,0.0000,2016-18
24432,2.4288,8.3850,4.4953,0.0000,2016-18
24433,2.5217,8.4215,12.1958,0.0000,2016-18
24434,0.1789,9.8360,29.9619,0.0000,2016-18
24435,1.7022,8.7802,23.5819,0.0000,2016-18
24442,2.4357,8.4080,5.8171,0.0000,2016-18
24443,1.7698,8.8651,23.5148,0.0000,2016-18
24444,0.3493,9.6636,29.7227,0.0000,2016-18
24445,2.5971,8.1259,12.1203,0.0000,2016-18
24451,2.5310,8.3434,12.2305,0.0000,2016-18
24452,0.8853,9.3057,28.7674,0.0000,2016-18
24453,0.8505,9.3498,28.7806,0.0000,2016-18
24454,2.6186,8.1218,11.9850,0.0000,2016-18
24461,2.3530,8.4507,4.2275,0.0000,2016-18
24462,2.6335,8.2652,12.0451,0.0000,2016-18
24463,0.9526,9.2331,28.6964,0.0000,2016-18
24464,1.9018,8.4314,23.1214,0.0000,2016-18
24472,2.3932,8.3534,4.9726,0.0000,2016-18
24473,2.6563,8.2372,12.0456,0.0000,2016-18
24474,1.8041,8.7601,23.3677,0.0000,2016-18
24475,2.6159,8.2582,12.2076,0.0000,2016-18
24484,2.4791,8.2629,6.1095,0.0000,2016-18
24485,2.6690,8.2353,12.1245,0.0000,2016-18
24486,1.8595,8.7134,23.1325,0.0000,2016-18
24487,2.6541,8.1997,12.0986,0.0000,2016-18
24495,2.5004,8.2042,6.4102,0.0000,2016-18
24496,2.6615,8.2467,12.1795,0.0000,2016-18
24497,1.8837,8.6805,23.0991,0.0000,2016-18
24498,2.6237,8.1981,12.0683,0.0000,2016-18
24510,2.5007,8.1517,6.5249,0.0000,2016-18
24511,2.6581,8.2525,12.2878,0.0000,2016-18
24512,1.9926,8.5956,22.7140,0.0000,2016-18
24513,2.1843,8.4328,22.4241,0.0000,2016-18
24528,2.2919,8.4410,4.0046,0.0000,2016-18
24529,2.6953,8.2367,12.5332,0.0000,2016-18
24530,2.4359,7.9044,26.8239,0.0000,2016-18
24531,2.5268,7.6779,26.9468,0.0000,2016-18
24544,2.2853,8.4372,4.0023,0.0000,2016-18
24545,2.7419,8.2244,12.7525,0.0000,2016-18
24546,2.5652,7.7556,27.0774,0.0000,2016-18
24547,2.2109,8.4430,22.0804,0.0000,2016-18
24557,2.9566,8.0088,23.0780,0.0000,2016-18
24558,2.9707,7.9807,22.8672,0.0000,2016-18
24559,2.3988,8.3621,21.1759,0.0000,2016-18
24560,2.4792,8.3016,5.9522,0.0000,2016-18
24574,3.2434,7.6159,22.3247,0.0000,2016-18
24575,3.0713,7.9329,22.4452,0.0000,2016-18
24576,2.5089,8.2182,5.8817,0.0000,2016-18
24577,2.2692,8.2985,4.0513,0.0000,2016-18
24593,3.2961,7.4934,22.2946,0.0000,2016-18
24594,3.1812,7.8436,22.0842,0.0000,2016-18
24595,2.5068,8.1887,5.7580,0.0000,2016-18
24596,2.2544,8.3021,4.0204,0.0000,2016-18
24609,3.2177,7.8307,21.9688,0.0000,2016-18
24610,3.2259,7.8011,21.9472,0.0000,2016-18
24611,3.0045,7.8955,12.6563,0.0000,2016-18
24612,2.2446,8.3104,4.0123,0.0000,2016-18
24628,3.2500,7.7421,21.8705,0.0000,2016-18
24629,3.3655,7.7085,20.7243,0.0000,2016-18
24630,3.0329,7.8316,12.6330,0.0000,2016-18
24631,2.2350,8.3287,4.0105,0.0000,2016-18
24648,3.4145,7.5651,20.5681,0.0000,2016-18
24649,3.4516,7.4584,20.4351,0.0000,2016-18
24650,2.4776,8.1466,5.5115,0.0000,2016-18
24651,2.2240,8.3457,4.0066,0.0000,2016-18
24669,3.1530,7.9404,12.8870,0.0000,2016-18
24670,3.5453,7.2168,20.1009,0.0000,2016-18
24671,2.4539,8.1357,5.4012,0.0000,2016-18
24672,2.2124,8.3778,4.0063,0.0000,2016-18
24687,3.2332,7.8048,12.9479,0.0000,2016-18
24688,3.6565,7.0232,19.8176,0.0000,2016-18
24689,2.4258,8.1419,5.3149,0.0000,2016-18
24690,2.2002,8.4022,4.0042,0.0000,2016-18
24706,3.3033,7.6778,12.9275,0.0000,2016-18
24707,3.7159,6.9389,19.6440,0.0000,2016-18
24708,2.4020,8.1838,5.2501,0.0000,2016-18
24709,2.1864,8.4391,4.0107,0.0000,2016-18
24723,3.3456,7.5394,12.7437,0.0000,2016-18
24724,3.3727,7.4821,12.6136,0.0000,2016-18
24725,2.2896,8.3151,4.7115,0.0000,2016-18
24726,2.1730,8.4682,4.0203,0.0000,2016-18
24740,2.3063,8.3104,4.7793,0.0000,2016-18
24741,3.3298,7.2545,11.7739,0.0000,2016-18
24742,2.1732,8.4614,4.0921,0.0000,2016-18
24743,2.1600,8.4768,4.0331,0.0000,2016-18
24756,2.2168,8.3387,4.2944,0.0000,2016-18
24757,2.1996,8.3738,4.2568,0.0000,2016-18
24758,2.1443,8.4900,4.0205,0.0000,2016-18
24759,2.1395,8.4972,4.0090,0.0000,2016-18
24772,2.1218,8.5009,4.0142,0.0000,2016-18
24773,2.1201,8.5186,4.0184,0.0000,2016-18
24774,2.1237,8.5147,4.0137,0.0000,2016-18
24775,2.1235,8.5113,4.0145,0.0000,2016-18
24788,2.1072,8.5065,4.0423,0.0000,2016-18
24789,2.1050,8.5324,4.0462,0.0000,2016-18
24790,2.1081,8.5273,4.0403,0.0000,2016-18
24791,2.1089,8.4987,4.0391,0.0000,2016-18
24805,2.0962,8.4411,4.0660,0.0000,2016-18
24806,2.0881,8.5293,4.0820,0.0000,2016-18
24807,2.0926,8.5136,4.0724,0.0000,2016-18
24808,2.0954,8.4907,4.0664,0.0000,2016-18
24822,2.0844,8.4562,4.0896,0.0000,2016-18
24823,2.0738,8.5186,4.1090,0.0000,2016-18
24824,2.0786,8.5131,4.0999,0.0000,2016-18
24825,2.0820,8.5086,4.0929,0.0000,2016-18
24838,2.0724,8.4753,4.1123,0.0000,2016-18
24839,2.0622,8.5200,4.1314,0.0000,2016-18
24840,2.0672,8.5430,4.1216,0.0000,2016-18
24841,2.0692,8.5635,4.1170,0.0000,2016-18
24849,2.0614,8.4956,4.1321,0.0000,2016-18
24850,2.0514,8.5291,4.1514,0.0000,2016-18
24851,2.0511,8.5899,4.1476,0.0000,2016-18
24852,2.0506,8.5870,4.1485,0.0000,2016-18
24862,2.0487,8.5309,4.1527,0.0000,2016-18
24863,2.0393,8.5406,4.1743,0.0000,2016-18
24864,2.0361,8.5687,4.1736,0.0000,2016-18
24865,2.0340,8.5607,4.1748,0.0000,2016-18
24874,2.0377,8.5262,4.1687,0.0000,2016-18
24875,2.0307,8.5547,4.1919,0.0000,2016-18
24876,2.0241,8.5944,4.1909,0.0000,2016-18
24877,2.0207,8.5915,4.1923,0.0000,2016-18
24888,2.0243,8.5554,4.1845,0.0000,2016-18
24889,2.0262,8.5655,4.2058,0.0000,2016-18
24890,2.0164,8.6152,4.2030,0.0000,2016-18
24891,2.0091,8.6201,4.2045,0.0000,2016-18
24904,2.0077,8.5770,4.2014,0.0000,2016-18
24905,2.0899,8.4356,4.2284,0.0000,2016-18
24906,2.0536,8.5223,4.2225,0.0000,2016-18
24907,1.9975,8.6113,4.2165,0.0000,2016-18
24921,1.9877,8.6023,4.2133,0.0000,2016-18
24922,2.5803,7.7618,4.2919,0.0000,2016-18
24923,2.1642,8.3606,4.2448,0.0000,2016-18
24924,1.9868,8.6038,4.2258,0.0000,2016-18
24937,1.9643,8.6493,4.2252,0.0000,2016-18
24938,2.3503,8.0909,4.2680,0.0000,2016-18
24939,2.3995,8.0189,4.2725,0.0000,2016-18
24940,1.9643,8.6132,4.2335,0.0000,2016-18
24951,1.9400,8.6530,4.2368,0.0000,2016-18
24952,1.9433,8.6540,4.2381,0.0000,2016-18
24953,1.9405,8.6428,4.2385,0.0000,2016-18
24965,1.9071,8.6481,4.2453,0.0000,2016-18
24966,1.9124,8.6621,4.2449,0.0000,2016-18
24967,1.9221,8.6495,4.2439,0.0000,2016-18
24979,1.8866,8.6684,4.2463,0.0000,2016-18
24980,1.8968,8.6727,4.2469,0.0000,2016-18
24981,1.9079,8.6623,4.2467,0.0000,2016-18
24992,1.8697,8.6908,4.2442,0.0000,2016-18
24993,1.8834,8.6878,4.2467,0.0000,2016-18
24994,1.8996,8.6571,4.2480,0.0000,2016-18
25004,1.8559,8.7092,4.2409,0.0000,2016-18
25005,1.8698,8.7001,4.2450,0.0000,2016-18
25006,1.8918,8.6674,4.2482,0.0000,2016-18
25014,1.8406,8.7267,4.2357,0.0000,2016-18
25015,1.8564,8.7087,4.2419,0.0000,2016-18
25016,1.8645,8.6910,4.2447,0.0000,2016-18
25023,1.8261,8.7132,4.2301,0.0000,2016-18
25024,1.8671,8.6291,4.2473,0.0000,2016-18
25025,1.8586,8.6776,4.2440,0.0000,2016-18
25032,1.8169,8.7023,4.2258,0.0000,2016-18
25033,1.8685,8.6131,4.2481,0.0000,2016-18
25034,1.8493,8.6745,4.2413,0.0000,2016-18
25040,1.8037,8.7013,4.2180,0.0000,2016-18
25041,1.8386,8.6433,4.2379,0.0000,2016-18
25042,1.8367,8.6584,4.2370,0.0000,2016-18
25048,1.7912,8.7033,4.2096,0.0000,2016-18
25049,1.8270,8.6292,4.2330,0.0000,2016-18
25050,1.8110,8.6836,4.2239,0.0000,2016-18
25056,1.7764,8.7123,4.1981,0.0000,2016-18
25057,1.7901,8.7016,4.2103,0.0000,2016-18
25058,1.7986,8.6795,4.2166,0.0000,2016-18
25064,1.7616,8.7238,4.1853,0.0000,2016-18
25065,1.7843,8.6784,4.2074,0.0000,2016-18
25066,1.7877,8.6920,4.2091,0.0000,2016-18
25072,1.7470,8.7374,4.1712,0.0000,2016-18
25073,1.7784,8.6745,4.2032,0.0000,2016-18
25074,1.7878,8.6157,4.2111,0.0000,2016-18
25080,1.7452,8.7038,4.1716,0.0000,2016-18
25081,26.2485,0.4897,20.7819,100.0000,2016-18
25082,1.7816,8.6294,4.2061,0.0000,2016-18
25088,1.7330,8.7208,4.1581,0.0000,2016-18
25089,1.7497,8.6980,4.1759,0.0000,2016-18
25090,1.7434,8.7142,4.1686,0.0000,2016-18
25096,1.7242,8.7154,4.1486,0.0000,2016-18
25097,1.7344,8.6965,4.1602,0.0000,2016-18
25098,1.6836,8.7688,4.0977,0.0000,2016-18
25104,1.7107,8.7193,4.1322,0.0000,2016-18
25105,1.6751,8.7734,4.0867,0.0000,2016-18
25106,1.6657,8.7792,4.0743,0.0000,2016-18
25112,1.6751,8.7426,4.0869,0.0000,2016-18
25113,1.6537,8.7858,4.0577,0.0000,2016-18
25114,1.6499,8.7894,4.0525,0.0000,2016-18
25120,1.6487,8.7724,4.0509,0.0000,2016-18
25121,1.6360,8.7930,4.0322,0.0000,2016-18
25122,1.6330,8.7941,4.0284,0.0000,2016-18
25128,1.6396,8.7621,4.0381,0.0000,2016-18
25129,1.6242,8.7861,4.0156,0.0000,2016-18
25130,1.6141,8.7922,4.0014,0.0000,2016-18
25136,1.6404,8.7311,4.0392,0.0000,2016-18
25137,1.6520,8.6988,4.0561,0.0000,2016-18
25138,1.6016,8.7594,3.9839,0.0000,2016-18
25143,1.5923,8.7716,3.9684,0.0000,2016-18
25144,1.5964,8.7521,3.9754,0.0000,2016-18
25145,1.5790,8.7665,3.9502,0.0000,2016-18
25150,1.5847,8.7478,3.9587,0.0000,2016-18
25151,1.5658,8.7675,3.9300,0.0000,2016-18
25152,1.5542,8.7899,3.9127,0.0000,2016-18
25155,1.5752,8.7420,3.9456,0.0000,2016-18
25156,1.5305,8.8101,3.8761,0.0000,2016-18
25157,1.5315,8.8096,3.8788,0.0000,2016-18
25160,1.5681,8.7351,3.9367,0.0000,2016-18
25161,1.5115,8.8112,3.8486,0.0000,2016-18
25162,1.5131,8.8107,3.8521,0.0000,2016-18
25165,1.5503,8.7352,3.9112,0.0000,2016-18
25166,1.4936,8.8114,3.8233,0.0000,2016-18
25167,1.4944,8.8105,3.8262,0.0000,2016-18
25170,1.5027,8.7638,3.8422,0.0000,2016-18
25171,1.4749,8.8078,3.7998,0.0000,2016-18
25172,1.4775,8.8081,3.8049,0.0000,2016-18
25175,1.4925,8.7437,3.8333,0.0000,2016-18
25176,1.4616,8.8013,3.7873,0.0000,2016-18
25177,1.4652,8.8037,3.7934,0.0000,2016-18
25180,1.4948,8.7109,3.8507,0.0000,2016-18
25181,1.4509,8.7976,3.7807,0.0000,2016-18
25182,1.4567,8.7988,3.7898,0.0000,2016-18
25185,1.5509,8.6238,3.9707,0.0000,2016-18
25186,1.4509,8.7885,3.7928,0.0000,2016-18
25187,1.4562,8.7896,3.8016,0.0000,2016-18
25190,1.7027,8.4678,4.2713,0.0000,2016-18
25191,1.4856,8.7506,3.8783,0.0000,2016-18
25192,1.4785,8.7661,3.8589,0.0000,2016-18
25195,1.8985,8.3088,4.6518,0.0000,2016-18
25196,1.6422,8.6024,4.1897,0.0000,2016-18
25197,1.5711,8.7052,4.0417,0.0000,2016-18
25200,2.0035,8.2681,4.8619,0.0000,2016-18
25201,1.9630,8.2382,4.7789,0.0000,2016-18
25202,1.7528,8.5858,4.3681,0.0000,2016-18
25205,2.0269,8.2370,4.9205,0.0000,2016-18
25206,2.0184,8.1725,4.8978,0.0000,2016-18
25207,1.7974,8.5564,4.4529,0.0000,2016-18
25210,2.0223,8.2326,4.9335,0.0000,2016-18
25211,2.0227,8.1938,4.9309,0.0000,2016-18
25212,1.9388,8.4004,4.7276,0.0000,2016-18
25215,2.0114,8.2865,4.9504,0.0000,2016-18
25216,2.0131,8.2267,4.9519,0.0000,2016-18
25217,2.0281,8.1356,4.9271,0.0000,2016-18
25220,1.9945,8.3438,4.9689,0.0000,2016-18
25221,2.0013,8.2747,4.9689,0.0000,2016-18
25222,2.0191,8.1804,4.9441,0.0000,2016-18
25228,1.9753,8.4007,4.9844,0.0000,2016-18
25229,1.9870,8.3195,4.9870,0.0000,2016-18
25230,2.0080,8.2024,4.9625,0.0000,2016-18
25236,1.9593,8.4340,5.0113,0.0000,2016-18
25237,1.9737,8.3595,5.0031,0.0000,2016-18
25238,1.9967,8.2310,4.9811,0.0000,2016-18
25247,1.9544,8.4259,5.0581,0.0000,2016-18
25248,1.9612,8.3626,5.0559,0.0000,2016-18
25249,1.9816,8.2483,5.0162,0.0000,2016-18
25260,1.9482,8.4121,5.0999,0.0000,2016-18
25261,1.9494,8.3622,5.0998,0.0000,2016-18
25262,1.8253,8.7222,4.7527,0.0000,2016-18
25273,1.9344,8.4517,5.1179,0.0000,2016-18
25274,1.9341,8.3871,5.1218,0.0000,2016-18
25275,1.8131,8.7266,4.7694,0.0000,2016-18
25286,1.9192,8.4994,5.1323,0.0000,2016-18
25287,1.9184,8.4324,5.1384,0.0000,2016-18
25288,1.8155,8.7306,4.8284,0.0000,2016-18
25301,39.3126,0.0000,22.0927,100.0000,2016-18
25302,1.9012,8.4878,5.1549,0.0000,2016-18
25303,1.8149,8.7300,4.8874,0.0000,2016-18
25321,1.8877,8.5583,5.1646,0.0000,2016-18
25322,1.8841,8.5339,5.1684,0.0000,2016-18
25323,1.8055,8.7374,4.9367,0.0000,2016-18
25343,1.8656,8.6038,5.1864,0.0000,2016-18
25344,1.8613,8.5795,5.1955,0.0000,2016-18
25345,1.7966,8.7448,4.9942,0.0000,2016-18
25367,1.8522,8.3050,5.2394,0.0000,2016-18
25368,1.8382,8.6408,5.2129,0.0000,2016-18
25369,1.7972,8.7273,5.0667,0.0000,2016-18
25392,1.8239,8.6136,5.2413,0.0000,2016-18
25393,1.8116,8.6591,5.2414,0.0000,2016-18
25394,1.7727,8.7511,5.0861,0.0000,2016-18
25419,1.8090,8.6757,5.2414,0.0000,2016-18
25420,1.7964,8.6579,5.2415,0.0000,2016-18
25421,1.7736,8.7421,5.1782,0.0000,2016-18
25447,1.7694,8.7390,5.1917,0.0000,2016-18
25448,1.7885,8.7124,5.2414,0.0000,2016-18
25449,1.7751,8.7468,5.2323,0.0000,2016-18
25476,1.7376,8.7708,5.1690,0.0000,2016-18
25477,1.7685,8.7532,5.2469,0.0000,2016-18
25478,1.7601,8.7674,5.2265,0.0000,2016-18
25505,1.7148,8.7890,5.1499,0.0000,2016-18
25506,1.7880,8.7097,5.2968,0.0000,2016-18
25507,1.7819,8.7191,5.2943,0.0000,2016-18
25538,1.6968,8.8018,5.1290,0.0000,2016-18
25539,1.7895,8.6982,5.2981,1.7857,2016-18
25540,1.7709,8.7439,5.2988,0.0000,2016-18
25569,1.6600,8.8191,5.0800,0.0000,2016-18
25570,1.7169,8.8089,5.2675,0.0000,2016-18
25571,1.7112,8.8068,5.2403,0.0000,2016-18
25598,1.6160,8.8506,5.0118,0.0000,2016-18
25599,1.7014,8.8283,5.2851,0.0000,2016-18
25600,1.7019,8.8109,5.2557,0.0000,2016-18
25613,1.6397,8.8479,5.1176,0.0000,2016-18
25614,1.6930,8.8448,5.3032,0.0000,2016-18
25615,1.7012,8.8170,5.2890,0.0000,2016-18
25629,1.6739,8.8798,5.3035,0.0000,2016-18
25630,1.6849,8.8618,5.3171,0.0000,2016-18
25631,1.4664,8.8611,4.6856,0.0000,2016-18
25643,1.6941,8.8959,5.4005,0.0000,2016-18
25644,1.6729,8.8849,5.3285,0.0000,2016-18
25645,1.0607,8.8475,3.5277,0.0000,2016-18
25652,1.7458,8.9010,5.5948,0.0000,2016-18
25653,1.7088,8.8972,5.4554,0.0000,2016-18
25654,1.5138,8.9124,4.8172,0.0000,2016-18
25658,1.7734,8.9121,5.7172,0.0000,2016-18
25659,1.7654,8.9036,5.6633,0.0000,2016-18
25660,1.6679,8.9147,5.3350,0.0000,2016-18
25664,2.6985,5.7336,7.8341,92.8571,2016-18
25665,1.9361,8.8564,6.2538,0.0000,2016-18
25666,1.6988,8.9241,5.4622,0.0000,2016-18
25670,1.8262,8.9132,5.9762,0.0000,2016-18
25671,1.7437,8.9234,5.6192,0.0000,2016-18
25672,1.7381,8.9310,5.6235,0.0000,2016-18
25676,1.8112,8.9229,5.9564,0.0000,2016-18
25677,1.7209,8.9418,5.5674,0.0000,2016-18
25678,1.7983,8.9334,5.8635,0.0000,2016-18
25682,63.9347,0.1427,27.5347,100.0000,2016-18
25683,1.8175,8.9460,5.9293,0.0000,2016-18
25684,1.8439,8.9416,6.0583,0.0000,2016-18
25688,1.8212,8.9241,6.0650,0.0000,2016-18
25689,1.8222,8.9631,5.9624,0.0000,2016-18
25690,1.8505,8.9456,6.1173,0.0000,2016-18
25694,1.9052,8.7676,6.9870,0.0000,2016-18
25695,1.8862,8.8741,6.5708,0.0000,2016-18
25696,1.8698,8.9473,6.2647,0.0000,2016-18
25700,1.9462,8.5991,7.8812,0.0000,2016-18
25701,1.9554,8.5965,7.7551,0.0000,2016-18
25702,1.9705,8.5441,7.6674,0.0000,2016-18
25706,1.9704,8.4938,8.5755,0.0000,2016-18
25707,1.9548,8.5844,8.1244,0.0000,2016-18
25708,1.8610,8.9510,6.4456,0.0000,2016-18
25712,1.9795,8.4120,9.3098,0.0000,2016-18
25713,3.3604,4.4526,9.5353,66.0714,2016-18
25714,2.0634,8.2599,9.2786,0.0000,2016-18
25718,1.9633,8.4196,9.5946,0.0000,2016-18
25719,2.0501,8.2225,9.6348,0.0000,2016-18
25723,1.8781,8.5654,9.7496,0.0000,2016-18
25724,1.9319,8.4624,9.7248,0.0000,2016-18
25728,1.8587,8.5662,10.2431,0.0000,2016-18
25729,1.8831,8.5162,10.1441,0.0000,2016-18
25733,1.8519,8.4159,10.6865,0.0000,2016-18
25734,1.7918,8.9826,6.6229,0.0000,2016-18
25738,1.8324,8.5146,10.7221,0.0000,2016-18
25739,1.8458,8.5202,10.6762,0.0000,2016-18
25743,1.8107,8.6138,10.7578,0.0000,2016-18
25744,1.8238,8.5112,10.8292,0.0000,2016-18
25748,1.7613,8.7265,10.8291,0.0000,2016-18
25749,1.8025,8.5764,10.8823,0.0000,2016-18
25753,1.7417,8.7224,11.0160,0.0000,2016-18
25754,1.7806,8.5978,10.9382,0.0000,2016-18
25758,1.7331,8.7474,11.0248,0.0000,2016-18
25759,1.7582,8.7328,10.9476,0.0000,2016-18
25763,1.7159,8.7824,11.0391,0.0000,2016-18
25764,1.7576,9.0102,6.2911,0.0000,2016-18
25768,1.6796,8.7989,11.7359,0.0000,2016-18
25769,1.6538,8.7932,12.2822,0.0000,2016-18
25773,1.6545,8.8236,12.1777,0.0000,2016-18
25774,1.6747,8.4975,14.5113,0.0000,2016-18
25778,1.7032,9.0816,6.2428,0.0000,2016-18
25779,1.6554,8.6082,14.4999,0.0000,2016-18
25783,1.6931,9.0949,6.3121,0.0000,2016-18
25784,1.6345,8.6924,14.4814,0.0000,2016-18
25788,1.4694,9.0584,12.6837,0.0000,2016-18
25789,1.6809,8.5796,14.5204,0.0000,2016-18
25793,1.3940,9.1260,13.7972,0.0000,2016-18
25794,1.3971,9.1173,13.8688,0.0000,2016-18
25798,1.3526,9.1809,14.1983,0.0000,2016-18
25799,1.3672,9.1639,13.9997,0.0000,2016-18
25803,0.4230,9.6247,28.6006,0.0000,2016-18
25804,0.4492,9.5592,28.5641,0.0000,2016-18
25808,0.3781,9.6959,28.6675,0.0000,2016-18
25809,0.4126,9.6419,28.6127,0.0000,2016-18
25813,0.0634,9.8622,30.0001,0.0000,2016-18
25814,0.3777,9.6965,28.6589,0.0000,2016-18
25818,0.0150,9.9619,30.0000,0.0000,2016-18
25819,0.3669,9.7115,28.6507,0.0000,2016-18
25823,0.3905,9.6676,28.6233,0.0000,2016-18
25824,0.4259,9.6390,28.5836,0.0000,2016-18
25827,1.3687,9.1572,14.3952,0.0000,2016-18
25828,1.3430,9.1795,14.5623,0.0000,2016-18
25831,1.5462,8.5143,16.9639,0.0000,2016-18
25832,1.4573,8.8120,17.1901,0.0000,2016-18
25835,1.5537,8.5572,16.9566,0.0000,2016-18
25836,1.4818,8.7421,17.1487,0.0000,2016-18
25839,1.6188,8.5319,16.7762,0.0000,2016-18
25840,1.4572,9.0367,13.7940,0.0000,2016-18
25843,63.7795,0.0000,28.2031,100.0000,2016-18
25844,1.6413,9.0413,6.1529,0.0000,2016-18
25847,1.7765,8.3392,16.5076,0.0000,2016-18
25848,1.6535,8.9909,6.3205,0.0000,2016-18
25851,1.6610,8.7405,12.8573,0.0000,2016-18
25852,1.6515,8.9933,6.4066,0.0000,2016-18
25855,1.6807,8.7678,11.3531,0.0000,2016-18
25856,1.7055,8.6724,11.1378,0.0000,2016-18
25860,1.6900,8.7534,11.3348,0.0000,2016-18
25861,1.7047,8.7256,11.0391,0.0000,2016-18
25865,1.6978,8.7505,10.8635,0.0000,2016-18
25866,1.7061,8.7243,10.8991,0.0000,2016-18
25870,1.6893,8.7907,9.5670,0.0000,2016-18
25871,1.7036,8.7312,10.3718,0.0000,2016-18
25875,1.6182,9.0224,5.6805,0.0000,2016-18
25876,1.7029,8.7310,9.8927,0.0000,2016-18
25880,1.6378,8.9652,5.6793,0.0000,2016-18
25881,1.6904,8.7842,8.5058,0.0000,2016-18
25885,1.6461,8.9484,5.7096,0.0000,2016-18
25886,1.6871,8.8088,7.7283,0.0000,2016-18
25890,1.6956,8.8029,7.2501,0.0000,2016-18
25891,1.6990,8.7652,7.5575,0.0000,2016-18
25895,1.7081,8.7133,7.3951,0.0000,2016-18
25896,1.7025,8.7469,7.5001,0.0000,2016-18
25900,1.7005,8.7833,7.1074,0.0000,2016-18
25901,1.6961,8.8065,7.1701,0.0000,2016-18
25905,1.6995,8.7837,6.9736,0.0000,2016-18
25906,1.6977,8.7972,7.0534,0.0000,2016-18
25910,1.7023,8.7750,6.9228,0.0000,2016-18
25911,1.7004,8.7857,6.9799,0.0000,2016-18
25915,41.1688,0.0428,21.8504,100.0000,2016-18
25916,1.7031,8.7698,6.8663,0.0000,2016-18
25920,1.7058,8.7647,6.7514,0.0000,2016-18
25921,1.7028,8.7524,6.7061,0.0000,2016-18
25925,1.6984,8.7709,6.5823,0.0000,2016-18
25926,1.6942,8.7504,6.4675,0.0000,2016-18
25930,1.6803,8.7987,6.2863,0.0000,2016-18
25931,1.6834,8.7310,6.1753,0.0000,2016-18
25935,1.5913,8.9925,5.5085,0.0000,2016-18
25936,1.6292,8.8723,5.7458,0.0000,2016-18
25940,1.5573,9.0560,5.2705,0.0000,2016-18
25941,1.5129,9.0807,5.1988,0.0000,2016-18
25946,1.5147,9.0755,5.1657,0.0000,2016-18
25947,1.4899,9.1054,5.1681,0.0000,2016-18
25952,1.5002,9.0822,5.1602,0.0000,2016-18
25953,1.4775,9.1151,5.1676,0.0000,2016-18
25958,1.4857,9.0715,5.1649,0.0000,2016-18
25959,1.4627,9.1156,5.1714,0.0000,2016-18
25966,1.4713,9.0501,5.1694,0.0000,2016-18
25967,1.4478,9.1142,5.1750,0.0000,2016-18
25974,1.4557,9.0599,5.1736,0.0000,2016-18
25975,1.4342,9.1188,5.1777,0.0000,2016-18
25982,1.4422,9.0728,5.1767,0.0000,2016-18
25983,1.4216,9.1232,5.1799,0.0000,2016-18
25990,1.4289,9.0782,5.1793,0.0000,2016-18
25991,1.4087,9.1268,5.1817,0.0000,2016-18
25998,1.4176,9.0885,5.1811,0.0000,2016-18
25999,1.3974,9.1305,5.1829,0.0000,2016-18
26005,1.4077,9.1045,5.1825,0.0000,2016-18
26006,1.3880,9.1327,5.1837,0.0000,2016-18
26012,1.3981,9.1171,5.1835,0.0000,2016-18
26013,1.3804,9.1329,5.1842,0.0000,2016-18
26019,1.3917,9.1243,5.1841,0.0000,2016-18
26020,1.3764,9.1307,5.1844,0.0000,2016-18
26026,1.3855,9.1184,5.1847,0.0000,2016-18
26027,1.3734,9.1266,5.1845,0.0000,2016-18
26033,1.3851,9.1138,5.1852,0.0000,2016-18
26034,1.3554,9.1554,5.1843,0.0000,2016-18
26040,1.3817,9.1124,5.1854,0.0000,2016-18
26041,1.3303,9.1632,5.1832,0.0000,2016-18
26047,1.3767,9.0801,5.1856,0.0000,2016-18
26048,1.3217,9.1606,5.1827,0.0000,2016-18
26054,1.3467,9.1303,5.1850,0.0000,2016-18
26055,1.3187,9.1448,5.1826,0.0000,2016-18
26061,1.3379,9.1372,5.1846,0.0000,2016-18
26062,1.3142,9.1397,5.1823,0.0000,2016-18
26068,1.3271,9.1496,5.1838,0.0000,2016-18
26069,1.3074,9.1381,5.1817,0.0000,2016-18
26075,1.3126,9.1596,5.1824,0.0000,2016-18
26076,1.2968,9.1386,5.1805,0.0000,2016-18
26081,1.2957,9.1653,5.1806,0.0000,2016-18
26082,1.2802,9.1400,5.1785,0.0000,2016-18
26085,1.2774,9.1697,5.1782,0.0000,2016-18
26086,1.2605,9.1458,5.1758,0.0000,2016-18
26089,1.2532,9.1774,5.1747,0.0000,2016-18
26090,1.2378,9.1581,5.1725,0.0000,2016-18
26095,1.2269,9.1847,5.1708,0.0000,2016-18
26096,1.2129,9.1741,5.1688,0.0000,2016-18
26103,1.2003,9.1993,5.1669,0.0000,2016-18
26104,1.1906,9.1878,5.1654,0.0000,2016-18
26111,1.1855,9.2037,5.1646,0.0000,2016-18
26112,1.1754,9.1930,5.1629,0.0000,2016-18
26122,1.1704,9.2124,5.1621,0.0000,2016-18
26123,1.1613,9.1990,5.1605,0.0000,2016-18
26136,1.1705,9.1061,5.1627,0.0000,2016-18
26137,1.1454,9.2062,5.1574,0.0000,2016-18
26151,1.1634,9.0782,5.1616,0.0000,2016-18
26152,1.1256,9.2082,5.1528,0.0000,2016-18
26166,1.1193,9.2045,5.1520,0.0000,2016-18
26167,1.1070,9.2073,5.1479,0.0000,2016-18
26182,1.1003,9.1989,5.1468,0.0000,2016-18
26183,1.0886,9.2138,5.1419,0.0000,2016-18
26200,1.0804,9.2011,5.1396,0.0000,2016-18
26201,1.0701,9.2295,5.1344,0.0000,2016-18
26221,1.0661,9.2222,5.1333,0.0000,2016-18
26222,1.0583,9.2420,5.1292,0.0000,2016-18
26245,1.0607,9.2287,5.1308,0.0000,2016-18
26246,1.0567,9.2369,5.1294,0.0000,2016-18
26269,1.0529,9.2385,5.1263,0.0000,2016-18
26270,1.0570,9.2333,5.1302,0.0000,2016-18
26281,1.0518,9.2354,5.1261,0.0000,2016-18
26282,1.0489,9.2354,5.1267,0.0000,2016-18
26291,1.0581,9.1930,5.1325,0.0000,2016-18
26292,1.0460,9.2313,5.1259,0.0000,2016-18
26301,1.0600,9.1823,5.1335,0.0000,2016-18
26302,1.0458,9.2175,5.1270,0.0000,2016-18
26313,1.0620,9.1697,5.1330,0.0000,2016-18
26314,1.0450,9.1855,5.1283,0.0000,2016-18
26326,1.0309,9.2487,5.1156,0.0000,2016-18
26327,1.0236,9.2086,5.1193,0.0000,2016-18
26342,0.9986,9.2837,5.1348,0.0000,2016-18
26343,0.9933,9.2864,5.1066,0.0000,2016-18
26362,0.9946,9.3062,5.1931,0.0000,2016-18
26363,0.9855,9.3048,5.1600,0.0000,2016-18
26384,1.0472,9.3093,5.5333,0.0000,2016-18
26385,0.9865,9.3163,5.2407,0.0000,2016-18
26405,1.0530,9.3327,5.6111,0.0000,2016-18
26406,0.9526,9.3034,5.1597,0.0000,2016-18
26430,1.0571,9.3489,5.7056,0.0000,2016-18
26431,1.0426,9.3699,5.6766,0.0000,2016-18
26459,1.0541,9.3667,5.7282,0.0000,2016-18
26460,1.0434,9.3881,5.7315,0.0000,2016-18
26488,1.0487,9.3769,5.7314,0.0000,2016-18
26489,1.0366,9.3960,5.7403,0.0000,2016-18
26513,1.0364,9.3936,5.7297,0.0000,2016-18
26514,41.6689,0.1140,24.5988,100.0000,2016-18
26531,1.0188,9.4129,5.7238,0.0000,2016-18
26532,1.0123,9.4121,5.7437,0.0000,2016-18
26546,0.9963,9.4214,5.7627,0.0000,2016-18
26547,0.9820,9.4340,5.7631,0.0000,2016-18
26562,1.0159,9.3494,5.7708,0.0000,2016-18
26563,0.9576,9.4243,5.7696,0.0000,2016-18
26569,0.9999,9.3475,5.7714,0.0000,2016-18
26570,0.9448,9.4313,5.7703,0.0000,2016-18
26573,0.9695,9.3957,5.7710,0.0000,2016-18
26574,0.9304,9.4431,5.7703,0.0000,2016-18
26577,0.9450,9.4484,5.7706,0.0000,2016-18
26578,0.9117,9.4654,5.7700,0.0000,2016-18
26581,0.9336,9.4642,5.7704,0.0000,2016-18
26582,0.8966,9.4835,5.7697,0.0000,2016-18
26585,0.9225,9.4613,5.7702,0.0000,2016-18
26586,0.8843,9.4824,5.7694,0.0000,2016-18
26589,0.9036,9.4333,5.7697,0.0000,2016-18
26590,0.8701,9.4728,5.7691,0.0000,2016-18
26593,0.8881,9.4332,5.7694,0.0000,2016-18
26594,0.8560,9.4762,5.7688,0.0000,2016-18
26597,0.8743,9.4351,5.7691,0.0000,2016-18
26598,0.8413,9.4815,5.7685,0.0000,2016-18
26601,0.8599,9.4399,5.7688,0.0000,2016-18
26602,0.8256,9.4891,5.7682,0.0000,2016-18
26605,0.8452,9.4494,5.7686,0.0000,2016-18
26606,0.8106,9.4971,5.7679,0.0000,2016-18
26609,0.8292,9.4596,5.7683,0.0000,2016-18
26610,0.7954,9.5054,5.7677,0.0000,2016-18
26613,0.8113,9.4750,5.7680,0.0000,2016-18
26614,0.7805,9.5142,5.7674,0.0000,2016-18
26617,0.7953,9.4859,5.7677,0.0000,2016-18
26618,0.7671,9.5192,5.7671,0.0000,2016-18
26621,0.7806,9.4988,5.7674,0.0000,2016-18
26622,0.7539,9.5254,5.7669,0.0000,2016-18
26625,0.7643,9.5190,5.7671,0.0000,2016-18
26626,0.7413,9.5332,5.7667,0.0000,2016-18
26629,0.7526,9.5175,5.7669,0.0000,2016-18
26630,0.7335,9.5317,5.7665,0.0000,2016-18
26633,0.7303,9.5448,5.7665,0.0000,2016-18
26634,0.7172,9.5458,5.7662,0.0000,2016-18
26637,0.7147,9.5495,5.7662,0.0000,2016-18
26638,0.7046,9.5515,5.7660,0.0000,2016-18
26641,0.7068,9.5527,5.7661,0.0000,2016-18
26642,0.6954,9.5547,5.7658,0.0000,2016-18
26645,0.7035,9.5420,5.7660,0.0000,2016-18
26646,0.6865,9.5536,5.7656,0.0000,2016-18
26649,0.6986,9.5344,5.7659,0.0000,2016-18
26650,0.6757,9.5548,5.7654,0.0000,2016-18
26653,0.6925,9.5327,5.7658,0.0000,2016-18
26654,0.6643,9.5575,5.7652,0.0000,2016-18
26657,0.6813,9.5365,5.7656,0.0000,2016-18
26658,0.6496,9.5651,5.7650,0.0000,2016-18
26661,0.6645,9.5494,5.7652,0.0000,2016-18
26662,0.6301,9.5803,5.7646,0.0000,2016-18
26665,0.6450,9.5604,5.7648,0.0000,2016-18
26666,0.6097,9.5974,5.7642,0.0000,2016-18
26669,0.6102,9.6215,5.7643,0.0000,2016-18
26670,0.5784,9.6355,5.7637,0.0000,2016-18
26673,0.5973,9.6234,5.7640,0.0000,2016-18
26674,0.5634,9.6340,5.7633,0.0000,2016-18
26677,0.5868,9.6374,5.7639,0.0000,2016-18
26678,0.5532,9.6373,5.7631,0.0000,2016-18
26681,0.5759,9.6493,5.7637,0.0000,2016-18
26682,0.5336,9.6505,5.7628,0.0000,2016-18
26685,0.5825,9.5787,5.7636,0.0000,2016-18
26686,0.5247,9.6441,5.7626,0.0000,2016-18
26689,0.5709,9.5716,5.7634,0.0000,2016-18
26690,0.5090,9.6551,5.7623,0.0000,2016-18
26693,0.5511,9.5982,5.7630,0.0000,2016-18
26694,0.4929,9.6687,5.7620,0.0000,2016-18
26697,0.5455,9.5814,5.7629,0.0000,2016-18
26698,0.4873,9.6712,5.7619,0.0000,2016-18
26701,0.5301,9.6013,5.7626,0.0000,2016-18
26702,0.4720,9.6833,5.7616,0.0000,2016-18
26705,0.4921,9.6442,5.7619,0.0000,2016-18
26706,0.4405,9.6960,5.7610,0.0000,2016-18
26709,0.4831,9.6456,5.7617,0.0000,2016-18
26710,0.4294,9.6947,5.7608,0.0000,2016-18
26713,0.4721,9.6630,5.7616,0.0000,2016-18
26714,0.4178,9.7016,5.7606,0.0000,2016-18
26717,0.4618,9.6589,5.7614,0.0000,2016-18
26718,0.4118,9.7004,5.7605,0.0000,2016-18
26721,0.4430,9.6722,5.7611,0.0000,2016-18
26722,0.4003,9.7113,5.7603,0.0000,2016-18
26725,0.4238,9.7080,5.7607,0.0000,2016-18
26726,0.3838,9.7233,5.7600,0.0000,2016-18
26729,0.3967,9.7383,5.7603,0.0000,2016-18
26730,0.3597,9.7412,5.7595,0.0000,2016-18
26733,0.3638,9.7525,5.7597,0.0000,2016-18
26734,0.3524,9.7473,5.7594,0.0000,2016-18
26737,0.3580,9.7558,5.7596,0.0000,2016-18
26738,0.3480,9.7505,5.7593,0.0000,2016-18
26741,0.3569,9.7397,5.7595,0.0000,2016-18
26742,0.3419,9.7511,5.7592,0.0000,2016-18
26745,0.3436,9.7657,5.7593,0.0000,2016-18
26746,0.3285,9.7644,5.7589,0.0000,2016-18
26749,0.3300,9.7707,5.7590,0.0000,2016-18
26750,0.3117,9.7650,5.7585,0.0000,2016-18
26753,0.3271,9.7326,5.7588,0.0000,2016-18
26754,0.3041,9.7527,5.7583,0.0000,2016-18
26757,0.3115,9.7337,5.7585,0.0000,2016-18
26758,0.2898,9.7578,5.7581,0.0000,2016-18
26761,0.2890,9.7489,5.7580,0.0000,2016-18
26762,0.2719,9.7715,5.7577,0.0000,2016-18
26765,0.2656,9.7764,5.7576,0.0000,2016-18
26766,0.2536,9.7893,5.7574,0.0000,2016-18
26769,0.2475,9.8085,5.7573,0.0000,2016-18
26770,0.2386,9.8062,5.7571,0.0000,2016-18
26773,0.2336,9.8268,5.7571,0.0000,2016-18
26774,0.2267,9.8197,5.7569,0.0000,2016-18
26777,0.2248,9.8281,5.7569,0.0000,2016-18
26778,0.2195,9.8174,5.7567,0.0000,2016-18
26781,0.2287,9.8036,5.7569,0.0000,2016-18
26782,0.2171,9.8105,5.7566,0.0000,2016-18
26785,0.2266,9.7931,5.7568,0.0000,2016-18
26786,0.2112,9.8094,5.7565,0.0000,2016-18
26789,0.2200,9.8007,5.7567,0.0000,2016-18
26790,0.2044,9.8115,5.7563,0.0000,2016-18
26794,0.2114,9.8049,5.7565,0.0000,2016-18
26795,0.1963,9.8149,5.7561,0.0000,2016-18
26802,0.2019,9.8072,5.7562,0.0000,2016-18
26803,0.1871,9.8196,5.7559,0.0000,2016-18
26813,0.1910,9.8033,5.7560,0.0000,2016-18
26814,0.1786,9.8187,5.7557,0.0000,2016-18
26827,0.1824,9.8058,5.7558,0.0000,2016-18
26828,0.1715,9.8212,5.7556,0.0000,2016-18
26847,0.1713,9.8115,5.7556,0.0000,2016-18
26848,0.1611,9.8287,5.7554,0.0000,2016-18
26872,0.1623,9.8185,5.7554,0.0000,2016-18
26873,0.1526,9.8343,5.7552,0.0000,2016-18
26893,0.1556,9.8245,5.7553,0.0000,2016-18
26894,0.1469,9.8376,5.7551,0.0000,2016-18
26907,0.1434,9.8354,5.7550,0.0000,2016-18
26908,0.1411,9.8394,5.7550,0.0000,2016-18
26921,0.1423,9.8214,5.7550,0.0000,2016-18
26922,0.1353,9.8419,5.7549,0.0000,2016-18
26933,0.1416,9.8146,5.7550,0.0000,2016-18
26934,0.1303,9.8439,5.7548,0.0000,2016-18
26944,0.1306,9.8345,5.7548,0.0000,2016-18
26945,0.1172,9.8549,5.7545,0.0000,2016-18
26954,0.1246,9.8401,5.7546,0.0000,2016-18
26955,0.1114,9.8570,5.7544,0.0000,2016-18
26966,0.1241,9.8202,5.7546,0.0000,2016-18
26967,0.1095,9.8524,5.7543,0.0000,2016-18
26975,0.1092,9.8629,5.7543,0.0000,2016-18
26976,0.0985,9.8672,5.7541,0.0000,2016-18
26984,0.0971,9.8610,5.7540,0.0000,2016-18
26985,0.0855,9.8692,5.7537,0.0000,2016-18
26993,0.0906,9.8542,5.7538,0.0000,2016-18
26994,0.0787,9.8695,5.7536,0.0000,2016-18
27003,0.0829,9.8562,5.7536,0.0000,2016-18
27004,0.0718,9.8728,5.7534,0.0000,2016-18
27013,0.0749,9.8611,5.7535,0.0000,2016-18
27014,0.0650,9.8771,5.7533,0.0000,2016-18
27020,0.0676,9.8658,5.7533,0.0000,2016-18
27021,0.0587,9.8813,5.7532,0.0000,2016-18
27025,0.0629,9.8687,5.7532,0.0000,2016-18
27026,0.0543,9.8841,5.7531,0.0000,2016-18
27029,0.0590,9.8711,5.7531,0.0000,2016-18
27030,0.0503,9.8867,5.7530,0.0000,2016-18
27032,0.0552,9.8739,5.7531,0.0000,2016-18
27033,0.0460,9.8897,5.7529,0.0000,2016-18
27035,0.0510,9.8776,5.7530,0.0000,2016-18
27036,0.0413,9.8930,5.7528,0.0000,2016-18
27038,0.0462,9.8823,5.7529,0.0000,2016-18
27039,0.0364,9.8965,5.7527,0.0000,2016-18
27041,0.0410,9.8874,5.7528,0.0000,2016-18
27042,0.0313,9.9001,5.7526,0.0000,2016-18
27044,0.0340,9.8937,5.7527,0.0000,2016-18
27045,0.0252,9.9044,5.7525,0.0000,2016-18
27047,0.0274,9.8996,5.7526,0.0000,2016-18
27048,0.0191,9.9090,5.7524,0.0000,2016-18
27050,0.0217,9.9040,5.7524,0.0000,2016-18
27051,0.0132,9.9137,5.7523,0.0000,2016-18
27053,0.0168,9.9076,5.7524,0.0000,2016-18
27054,0.0078,9.9183,5.7522,0.0000,2016-18
27056,0.0119,9.9120,5.7523,0.0000,2016-18
27057,0.0037,9.9221,5.7521,0.0000,2016-18
