Cell,Age,Oxy,Sal,Hypoxia,Period
19337,82.7764,4.3174,35.9525,1.7857,2016-18
19338,82.7585,4.4876,35.9572,3.5714,2016-18
19339,82.8090,4.4202,35.9506,3.5714,2016-18
19646,82.8442,4.2256,35.9404,1.7857,2016-18
19647,82.8367,4.4006,35.9428,3.5714,2016-18
19648,82.8932,4.2542,35.9364,3.5714,2016-18
19922,82.9298,4.1215,35.9275,1.7857,2016-18
19923,82.9326,4.2613,35.9285,1.7857,2016-18
19924,82.9837,4.0830,35.9230,3.5714,2016-18
21708,82.6345,5.3123,36.0262,7.1429,2016-18
21709,82.6523,5.0240,36.0261,8.9286,2016-18
21710,82.6991,4.7283,36.0240,7.1429,2016-18
21711,82.7598,3.9699,36.0206,5.3571,2016-18
21714,83.2684,2.8651,35.6692,39.2857,2016-18
21726,82.6523,5.2016,36.0173,7.1429,2016-18
21727,82.6601,5.0834,36.0123,8.9286,2016-18
21728,82.7060,4.7707,36.0108,7.1429,2016-18
21729,82.7740,3.9640,36.0145,5.3571,2016-18
21732,83.2651,2.7006,35.6515,37.5000,2016-18
21744,82.6656,5.0902,36.0068,7.1429,2016-18
21745,82.6708,5.0098,35.9984,5.3571,2016-18
21746,82.7142,4.6822,35.9964,7.1429,2016-18
21747,82.7893,3.9192,36.0069,5.3571,2016-18
21750,83.2609,2.5349,35.6311,41.0714,2016-18
21759,82.6780,4.9786,35.9955,7.1429,2016-18
21760,82.6789,4.8768,35.9826,5.3571,2016-18
21761,82.7276,4.5427,35.9831,5.3571,2016-18
21762,82.8080,3.8531,35.9978,3.5714,2016-18
21765,83.2526,2.3643,35.6037,44.6429,2016-18
21774,82.6989,4.8502,35.9855,5.3571,2016-18
21775,82.6978,4.7416,35.9712,5.3571,2016-18
21776,82.7481,4.4156,35.9736,5.3571,2016-18
21777,82.8264,3.8029,35.9881,5.3571,2016-18
21780,83.2425,2.2419,35.5772,39.2857,2016-18
21789,82.7209,4.7316,35.9770,3.5714,2016-18
21790,82.7198,4.6263,35.9641,5.3571,2016-18
21791,82.7699,4.3136,35.9674,5.3571,2016-18
21792,82.8423,3.7894,35.9802,5.3571,2016-18
21795,83.2286,2.1659,35.5504,32.1429,2016-18
21804,82.7365,4.6445,35.9697,1.7857,2016-18
21805,82.7366,4.5511,35.9592,1.7857,2016-18
21806,82.7837,4.2672,35.9627,5.3571,2016-18
21807,82.8511,3.8022,35.9747,3.5714,2016-18
21810,83.1638,2.4293,35.6101,21.4286,2016-18
21811,82.8953,3.7112,35.9186,5.3571,2016-18
21812,83.0772,2.8500,35.6995,12.5000,2016-18
21821,82.7518,4.5703,35.9647,1.7857,2016-18
21822,82.7520,4.4935,35.9564,1.7857,2016-18
21823,82.7918,4.2415,35.9589,1.7857,2016-18
21824,82.8551,3.8037,35.9704,3.5714,2016-18
21827,83.0431,3.0101,35.7334,10.7143,2016-18
21828,82.8709,3.8813,35.9187,5.3571,2016-18
21829,82.9965,3.2566,35.7956,8.9286,2016-18
21830,82.8732,3.7496,35.9562,3.5714,2016-18
21831,82.8384,3.9983,35.9480,1.7857,2016-18
21832,83.0470,3.0451,35.7458,12.5000,2016-18
21833,82.9931,3.3121,35.8162,7.1429,2016-18
21842,82.7672,4.4942,35.9593,1.7857,2016-18
21843,82.7677,4.4233,35.9527,1.7857,2016-18
21844,82.8018,4.1994,35.9549,1.7857,2016-18
21845,82.8581,3.8103,35.9656,3.5714,2016-18
21848,82.9061,3.7081,35.8824,5.3571,2016-18
21849,82.8525,4.0108,35.9269,1.7857,2016-18
21850,82.9301,3.5574,35.8745,5.3571,2016-18
21851,82.8183,4.1400,35.9448,1.7857,2016-18
21852,82.9546,3.4657,35.8662,5.3571,2016-18
21853,82.8650,3.7826,35.9621,3.5714,2016-18
21854,82.8184,4.1083,35.9523,1.7857,2016-18
21855,82.7906,4.2987,35.9492,1.7857,2016-18
21856,83.0438,3.1310,35.7707,12.5000,2016-18
21857,83.0059,3.3121,35.8235,7.1429,2016-18
21858,82.9796,3.4029,35.8585,5.3571,2016-18
21867,82.7868,4.3721,35.9518,1.7857,2016-18
21868,82.8153,4.2483,35.9415,1.7857,2016-18
21869,116.2912,6.2685,34.8223,0.0000,2016-18
21870,116.7261,6.2472,34.8417,0.0000,2016-18
21871,82.8829,3.8724,35.9117,1.7857,2016-18
21872,82.8510,4.0511,35.9279,1.7857,2016-18
21873,82.9122,3.7216,35.8974,3.5714,2016-18
21874,82.8161,4.1977,35.9435,1.7857,2016-18
21875,82.9406,3.5899,35.8847,5.3571,2016-18
21876,82.9687,3.4788,35.8738,5.3571,2016-18
21877,83.0541,3.1626,35.7858,10.7143,2016-18
21878,83.0252,3.2941,35.8267,7.1429,2016-18
21879,83.0054,3.3551,35.8531,5.3571,2016-18
21880,82.9973,3.3932,35.8652,5.3571,2016-18
21889,82.8368,4.1310,35.9345,1.7857,2016-18
21890,82.8421,4.1381,35.9310,1.7857,2016-18
21891,82.8442,4.1059,35.9312,1.7857,2016-18
21892,117.0195,6.2512,34.8284,0.0000,2016-18
21893,117.4742,6.2194,34.8417,0.0000,2016-18
21894,83.0721,3.1590,35.7925,12.5000,2016-18
21895,83.0476,3.2670,35.8266,7.1429,2016-18
21896,83.0310,3.3181,35.8485,5.3571,2016-18
21897,83.0248,3.3485,35.8589,5.3571,2016-18
21906,82.8596,4.0712,35.9243,1.7857,2016-18
21907,82.8646,4.0586,35.9217,1.7857,2016-18
21908,117.9373,6.2046,34.8383,0.0000,2016-18
21909,118.3050,6.1751,34.8474,0.0000,2016-18
21910,83.0928,3.1325,35.7917,10.7143,2016-18
21911,83.0712,3.2317,35.8197,8.9286,2016-18
21912,83.0559,3.2860,35.8434,5.3571,2016-18
21913,83.0508,3.3194,35.8544,5.3571,2016-18
21922,82.8823,4.0077,35.9146,1.7857,2016-18
21923,82.8959,3.9666,35.9092,3.5714,2016-18
21924,119.1853,6.1261,34.8520,0.0000,2016-18
21925,119.4064,6.1037,34.8571,0.0000,2016-18
21926,83.1142,3.0979,35.7886,10.7143,2016-18
21927,83.0952,3.1930,35.8163,8.9286,2016-18
21928,83.0822,3.2483,35.8388,5.3571,2016-18
21929,83.0790,3.2821,35.8505,5.3571,2016-18
21936,82.9065,3.9369,35.9051,1.7857,2016-18
21937,82.9280,3.8874,35.8985,3.5714,2016-18
21938,120.2910,6.0561,34.8631,0.0000,2016-18
21939,120.6117,6.0197,34.8680,0.0000,2016-18
21940,83.1272,3.0346,35.7705,14.2857,2016-18
21941,83.1147,3.1289,35.8010,10.7143,2016-18
21942,83.1104,3.1903,35.8288,8.9286,2016-18
21943,83.1152,3.2199,35.8425,5.3571,2016-18
21950,82.9371,3.8630,35.8955,3.5714,2016-18
21951,82.9656,3.8104,35.8892,3.5714,2016-18
21954,82.7649,2.9655,35.5243,21.4286,2016-18
21955,82.9775,3.0154,35.6736,17.8571,2016-18
21956,82.3073,3.0698,35.2585,33.9286,2016-18
21957,83.0670,3.0840,35.7591,12.5000,2016-18
21958,83.1127,3.1282,35.8033,7.1429,2016-18
21965,82.9735,3.7922,35.8872,3.5714,2016-18
21966,83.0049,3.7722,35.8824,3.5714,2016-18
21968,82.6255,2.8123,35.4250,26.7857,2016-18
21969,82.8541,2.9174,35.5762,21.4286,2016-18
21970,82.4031,2.9167,35.2970,33.9286,2016-18
21971,82.9799,3.0187,35.6701,14.2857,2016-18
21972,82.2664,3.3240,35.2464,39.2857,2016-18
21973,82.3942,3.2366,35.3057,35.7143,2016-18
21974,82.2603,3.4793,35.2490,41.0714,2016-18
21975,83.0724,3.0739,35.7497,10.7143,2016-18
21982,83.0066,3.7390,35.8819,3.5714,2016-18
21983,83.0375,3.7291,35.8785,3.5714,2016-18
21985,82.6680,2.6928,35.4382,25.0000,2016-18
21986,82.7890,2.8682,35.5292,23.2143,2016-18
21987,82.9075,2.9886,35.6144,16.0714,2016-18
21988,83.0659,3.0321,35.7296,10.7143,2016-18
21997,88.0039,0.6959,35.5245,58.9286,2016-18
21998,83.0465,3.6919,35.8780,3.5714,2016-18
21999,83.0712,3.7078,35.8761,3.5714,2016-18
22001,82.6941,2.6097,35.4421,26.7857,2016-18
22002,82.7656,2.8209,35.5061,23.2143,2016-18
22003,82.8769,2.9562,35.5867,16.0714,2016-18
22004,83.0395,3.0060,35.7028,16.0714,2016-18
22012,87.8767,0.6896,35.5092,58.9286,2016-18
22013,83.0892,3.6678,35.8756,3.5714,2016-18
22014,83.1055,3.7226,35.8747,3.5714,2016-18
22016,82.7227,2.5528,35.4469,25.0000,2016-18
22017,82.7953,2.7805,35.5108,23.2143,2016-18
22018,82.9156,2.9171,35.5974,16.0714,2016-18
22019,83.0378,2.9784,35.6879,16.0714,2016-18
22027,87.8284,0.7653,35.4917,57.1429,2016-18
22028,83.1251,3.6517,35.8745,1.7857,2016-18
22029,83.1358,3.7115,35.8742,1.7857,2016-18
22031,82.7512,2.5012,35.4480,25.0000,2016-18
22032,82.8185,2.7380,35.5099,23.2143,2016-18
22033,82.9464,2.8759,35.5999,16.0714,2016-18
22034,83.0710,2.9427,35.6890,16.0714,2016-18
22042,87.8707,0.8730,35.4734,58.9286,2016-18
22043,83.1569,3.6317,35.8740,1.7857,2016-18
22044,83.1640,3.6832,35.8740,1.7857,2016-18
22046,82.7955,2.5716,35.4420,26.7857,2016-18
22047,82.7864,2.7015,35.4678,23.2143,2016-18
22048,83.1310,3.0601,35.4453,37.5000,2016-18
22049,82.9169,2.8094,35.5610,19.6429,2016-18
22050,83.0647,2.9064,35.6648,16.0714,2016-18
22056,87.9484,1.1350,35.4558,58.9286,2016-18
22057,83.1854,3.6080,35.8737,1.7857,2016-18
22058,83.1906,3.6499,35.8737,1.7857,2016-18
22060,82.8861,2.6177,35.4331,30.3571,2016-18
22061,82.7723,2.6938,35.4338,23.2143,2016-18
22062,83.1485,2.8836,35.4293,39.2857,2016-18
22063,82.8463,2.7959,35.5049,21.4286,2016-18
22064,83.1280,3.3884,35.4586,37.5000,2016-18
22065,83.1208,3.1503,35.4220,37.5000,2016-18
22066,82.9479,2.9139,35.5902,16.0714,2016-18
22070,87.9621,1.2883,35.4397,58.9286,2016-18
22071,83.2083,3.5860,35.8732,1.7857,2016-18
22072,83.2128,3.6285,35.8732,1.7857,2016-18
22074,82.8813,2.6010,35.4224,28.5714,2016-18
22075,82.7353,2.6986,35.4032,23.2143,2016-18
22076,82.8180,2.7958,35.4804,21.4286,2016-18
22077,82.9219,2.9164,35.5672,16.0714,2016-18
22078,83.1176,3.6598,35.4633,37.5000,2016-18
22079,83.0833,3.4673,35.4186,37.5000,2016-18
22083,88.0158,1.3270,35.4322,58.9286,2016-18
22084,83.2249,3.5666,35.8725,1.7857,2016-18
22085,83.2293,3.6208,35.8725,1.7857,2016-18
22087,82.8804,2.5892,35.4110,25.0000,2016-18
22088,82.7120,2.6980,35.3790,23.2143,2016-18
22089,82.7619,2.8013,35.4428,23.2143,2016-18
22090,82.8327,2.9319,35.5157,16.0714,2016-18
22091,83.1134,3.9650,35.4728,37.5000,2016-18
22092,83.1526,3.8499,35.4621,39.2857,2016-18
22096,88.0908,1.3290,35.4255,58.9286,2016-18
22097,83.2386,3.5497,35.8717,1.7857,2016-18
22098,83.2427,3.5886,35.8716,0.0000,2016-18
22100,83.5092,2.8918,35.6410,21.4286,2016-18
22101,83.5003,2.9383,35.6779,21.4286,2016-18
22102,83.5275,2.9322,35.7277,19.6429,2016-18
22103,83.5726,2.9789,35.7758,19.6429,2016-18
22104,83.1015,4.2628,35.4787,37.5000,2016-18
22105,83.1096,4.2193,35.4599,42.8571,2016-18
22109,88.1886,1.3427,35.4175,57.1429,2016-18
22110,83.2548,3.5451,35.8703,0.0000,2016-18
22111,83.2583,3.5551,35.8701,0.0000,2016-18
22113,83.4862,3.1849,35.6732,21.4286,2016-18
22114,83.4805,3.1865,35.6974,19.6429,2016-18
22115,83.4888,3.1596,35.7094,17.8571,2016-18
22116,83.5161,3.2267,35.7430,17.8571,2016-18
22122,88.2846,1.4214,35.4101,57.1429,2016-18
22123,83.2705,3.5422,35.8684,0.0000,2016-18
22124,83.2745,3.5298,35.8679,0.0000,2016-18
22126,83.4725,3.3097,35.7505,12.5000,2016-18
22127,83.4655,3.2931,35.7739,12.5000,2016-18
22128,83.4593,3.2849,35.7913,8.9286,2016-18
22129,83.5006,3.3910,35.8458,1.7857,2016-18
22130,83.8912,3.5245,36.0591,0.0000,2016-18
22136,88.3425,1.5554,35.4046,57.1429,2016-18
22137,83.2859,3.5313,35.8656,0.0000,2016-18
22138,83.2907,3.5106,35.8648,0.0000,2016-18
22141,83.4564,3.3561,35.7418,12.5000,2016-18
22142,83.4392,3.3193,35.7642,10.7143,2016-18
22143,83.4234,3.3564,35.7849,5.3571,2016-18
22144,83.5221,3.4707,35.8648,1.7857,2016-18
22145,83.8463,3.5191,36.0306,0.0000,2016-18
22146,84.0573,3.4843,36.1393,0.0000,2016-18
22147,83.9752,3.4695,36.1027,0.0000,2016-18
22153,88.3541,1.6367,35.3979,55.3571,2016-18
22154,83.2918,3.5210,35.8576,0.0000,2016-18
22155,83.2970,3.5034,35.8555,0.0000,2016-18
22158,83.4490,3.4031,35.7243,10.7143,2016-18
22159,83.4165,3.3882,35.7401,7.1429,2016-18
22160,83.3744,3.3923,35.7473,5.3571,2016-18
22161,83.3984,3.4900,35.7893,1.7857,2016-18
22162,84.0652,3.4508,36.1604,0.0000,2016-18
22163,84.0171,3.4304,36.1333,0.0000,2016-18
22168,84.0473,3.4257,36.1689,0.0000,2016-18
22169,84.0520,3.3940,36.1619,0.0000,2016-18
22172,83.4561,3.4174,35.7048,14.2857,2016-18
22173,83.4304,3.4543,35.7163,10.7143,2016-18
22174,83.3891,3.4493,35.7303,5.3571,2016-18
22175,83.4005,3.5196,35.7656,3.5714,2016-18
22180,83.4676,3.4347,35.6877,14.2857,2016-18
22181,83.4573,3.5138,35.6968,12.5000,2016-18
22182,83.4183,3.5174,35.7110,5.3571,2016-18
22183,83.4088,3.5632,35.7400,3.5714,2016-18
22188,84.2780,3.4154,35.8644,21.4286,2016-18
22189,83.5090,3.5809,35.6884,12.5000,2016-18
22190,83.4572,3.5937,35.6991,10.7143,2016-18
22191,83.4319,3.6240,35.7198,7.1429,2016-18
22196,84.0566,3.5277,35.8174,21.4286,2016-18
22197,84.2600,3.4263,35.8620,21.4286,2016-18
22198,83.5061,3.6663,35.6950,12.5000,2016-18
22199,83.4796,3.6924,35.7072,10.7143,2016-18
22204,83.6049,3.5960,35.6777,19.6429,2016-18
22205,83.6266,3.6875,35.6893,12.5000,2016-18
22206,83.5725,3.7161,35.6937,14.2857,2016-18
22207,83.5462,3.7466,35.7030,12.5000,2016-18
22211,83.6079,3.6165,35.6701,12.5000,2016-18
22212,83.6496,3.7016,35.6860,14.2857,2016-18
22213,83.6182,3.7344,35.6949,14.2857,2016-18
22214,83.6010,3.7700,35.7019,12.5000,2016-18
22216,87.3996,2.1487,34.9606,50.0000,2016-18
22218,83.5638,3.5857,35.6462,14.2857,2016-18
22219,83.6352,3.6745,35.6736,14.2857,2016-18
22220,83.6503,3.7374,35.6892,14.2857,2016-18
22221,83.6550,3.7784,35.7000,14.2857,2016-18
22223,87.3573,2.1774,34.9380,48.2143,2016-18
22225,83.4926,3.5601,35.6110,14.2857,2016-18
22226,83.5908,3.6459,35.6460,14.2857,2016-18
22227,83.6405,3.7074,35.6684,14.2857,2016-18
22228,83.6693,3.7543,35.6861,14.2857,2016-18
22230,87.2587,2.2396,34.8931,48.2143,2016-18
22232,83.6631,3.6706,35.6460,14.2857,2016-18
22233,83.6583,3.6848,35.6525,14.2857,2016-18
22234,83.6753,3.7149,35.6668,14.2857,2016-18
22235,83.6975,3.7501,35.6836,14.2857,2016-18
22237,86.6000,2.4772,35.2964,48.2143,2016-18
22239,83.7891,3.7490,35.6817,14.2857,2016-18
22240,83.7527,3.7501,35.6862,14.2857,2016-18
22241,83.7131,3.7452,35.6942,14.2857,2016-18
22242,83.6272,3.7525,35.7031,16.0714,2016-18
22243,83.9451,3.6932,35.7658,19.6429,2016-18
22245,85.5584,2.8472,35.6020,44.6429,2016-18
22247,83.7243,3.7553,35.6616,12.5000,2016-18
22248,83.6596,3.7392,35.6488,12.5000,2016-18
22249,83.5960,3.7280,35.6356,12.5000,2016-18
22250,83.4448,3.7422,35.5877,16.0714,2016-18
22251,84.6218,3.3092,35.8047,30.3571,2016-18
22254,83.8275,3.7535,35.6822,16.0714,2016-18
22255,83.7579,3.7558,35.6656,14.2857,2016-18
22256,83.6759,3.7554,35.6450,14.2857,2016-18
22257,83.5754,3.7703,35.6081,16.0714,2016-18
22260,84.0072,3.7154,35.7303,17.8571,2016-18
22261,83.9701,3.7178,35.7198,16.0714,2016-18
22262,83.8764,3.7332,35.6922,16.0714,2016-18
22263,83.8271,3.7382,35.6680,16.0714,2016-18
22266,84.1536,3.6556,35.7829,21.4286,2016-18
22267,84.1117,3.6821,35.7675,17.8571,2016-18
22268,84.7661,3.1843,35.9176,26.7857,2016-18
22269,84.0910,3.6780,35.7574,16.0714,2016-18
22270,84.1098,3.6572,35.7575,16.0714,2016-18
22273,84.1973,3.6453,35.7943,21.4286,2016-18
22274,84.2514,3.6199,35.8150,21.4286,2016-18
22275,84.2908,3.5905,35.8251,17.8571,2016-18
22276,85.2734,2.5102,36.1420,37.5000,2016-18
22277,84.3242,3.5622,35.8335,17.8571,2016-18
22280,84.6756,3.3594,35.9731,23.2143,2016-18
22281,85.6939,2.5407,36.3512,42.8571,2016-18
22282,85.8119,2.5312,36.3839,39.2857,2016-18
22283,85.8740,2.5653,36.4112,41.0714,2016-18
22284,83.8834,3.1674,35.4150,19.6429,2016-18
22287,85.3602,3.0128,36.2626,21.4286,2016-18
22288,85.6025,2.9182,36.3746,23.2143,2016-18
22289,85.9471,2.5382,36.4029,42.8571,2016-18
22290,85.9940,2.6118,36.4448,42.8571,2016-18
22294,85.7085,2.8608,36.3996,23.2143,2016-18
22295,85.8648,2.7884,36.4776,23.2143,2016-18
22296,85.9046,2.8290,36.5149,26.7857,2016-18
22297,85.9041,2.9070,36.5325,25.0000,2016-18
22301,85.7404,2.9737,36.4170,25.0000,2016-18
22302,85.8951,2.8497,36.4929,28.5714,2016-18
22303,85.9656,2.8536,36.5475,28.5714,2016-18
22304,85.9944,2.9554,36.5820,30.3571,2016-18
22308,84.5075,3.4291,35.8627,19.6429,2016-18
22309,85.8832,2.9213,36.4875,30.3571,2016-18
22310,86.1239,2.7472,36.6166,30.3571,2016-18
22311,86.1138,2.9775,36.6397,32.1429,2016-18
22316,84.5902,3.4185,35.8929,19.6429,2016-18
22317,84.4887,3.4424,35.8586,19.6429,2016-18
22318,84.6598,3.4325,35.9417,21.4286,2016-18
22319,84.7753,3.4305,36.0010,23.2143,2016-18
22324,84.6444,3.4167,35.9025,16.0714,2016-18
22325,84.7055,3.4321,35.9417,23.2143,2016-18
22326,84.7625,3.4451,35.9629,23.2143,2016-18
22331,84.3910,3.4616,35.7741,12.5000,2016-18
22332,84.7084,3.4168,35.9302,17.8571,2016-18
22333,84.8079,3.4112,35.9728,21.4286,2016-18
22338,83.8676,3.5508,35.5272,10.7143,2016-18
22339,84.6111,3.4202,35.8727,16.0714,2016-18
22340,84.8130,3.3838,35.9648,19.6429,2016-18
22341,78.5592,2.7502,32.3817,10.7143,2016-18
22345,83.8851,3.5330,35.5244,10.7143,2016-18
22346,84.6044,3.4028,35.8596,17.8571,2016-18
22347,84.8274,3.3557,35.9626,19.6429,2016-18
22351,83.9342,3.5044,35.5373,10.7143,2016-18
22352,84.5422,3.4132,35.8163,16.0714,2016-18
22353,84.8294,3.3309,35.9553,19.6429,2016-18
22357,83.8283,3.5111,35.4902,8.9286,2016-18
22358,84.3530,3.4406,35.7182,10.7143,2016-18
22359,84.7911,3.3154,35.9287,19.6429,2016-18
22363,83.1942,3.5992,35.2694,8.9286,2016-18
22364,84.1284,3.4721,35.6234,8.9286,2016-18
22365,83.0628,3.6099,35.1973,10.7143,2016-18
22366,84.7945,3.3019,35.9272,16.0714,2016-18
22370,83.1952,3.5919,35.2634,8.9286,2016-18
22371,84.1884,3.4471,35.6439,10.7143,2016-18
22372,83.0617,3.5994,35.1982,8.9286,2016-18
22373,84.7647,3.2975,35.9074,17.8571,2016-18
22374,83.1177,3.5885,35.2133,10.7143,2016-18
22375,83.0509,3.5894,35.1870,8.9286,2016-18
22379,83.5055,3.5143,35.3649,8.9286,2016-18
22380,84.1655,3.4254,35.6113,10.7143,2016-18
22381,84.1730,3.4379,35.5899,12.5000,2016-18
22382,83.1507,3.5672,35.2193,10.7143,2016-18
22383,82.8416,3.6086,35.0886,8.9286,2016-18
22387,83.6339,3.4675,35.3873,8.9286,2016-18
22388,83.7701,3.4868,35.4033,8.9286,2016-18
22389,83.5667,3.5535,35.2849,12.5000,2016-18
22390,83.1596,3.5487,35.2150,8.9286,2016-18
22391,82.5219,3.6441,34.9348,7.1429,2016-18
22395,83.6370,3.4400,35.3616,8.9286,2016-18
22396,83.4604,3.5254,35.2438,8.9286,2016-18
22397,83.1894,3.6127,35.0963,8.9286,2016-18
22398,83.1583,3.5306,35.2051,7.1429,2016-18
22399,82.4650,3.6374,34.9023,7.1429,2016-18
22403,83.6479,3.3980,35.3502,8.9286,2016-18
22404,83.3876,3.5080,35.2008,8.9286,2016-18
22405,83.0750,3.6106,35.0345,7.1429,2016-18
22406,82.8669,3.5571,35.0499,7.1429,2016-18
22407,82.1252,3.6719,34.7302,7.1429,2016-18
22411,83.5883,3.3675,35.3114,8.9286,2016-18
22412,83.3709,3.4763,35.1852,8.9286,2016-18
22413,83.0595,3.5819,35.0192,8.9286,2016-18
22414,82.1553,3.6533,34.6638,7.1429,2016-18
22415,81.3812,3.7701,34.3360,5.3571,2016-18
22419,83.5670,3.3381,35.2902,10.7143,2016-18
22420,83.3167,3.4561,35.1509,10.7143,2016-18
22421,82.9292,3.5787,34.9503,8.9286,2016-18
22422,81.6067,3.7348,34.2971,7.1429,2016-18
22423,80.8548,3.8399,33.9945,5.3571,2016-18
22427,83.5545,3.3049,35.2753,12.5000,2016-18
22428,83.2989,3.3863,35.1338,10.7143,2016-18
22429,83.2137,3.4516,35.0921,10.7143,2016-18
22430,82.8863,3.5545,34.9225,8.9286,2016-18
22431,81.3927,3.7644,34.1062,5.3571,2016-18
22432,80.8014,3.8393,33.8909,3.5714,2016-18
22433,81.1542,3.8164,33.8377,3.5714,2016-18
22434,80.7329,3.8407,33.8167,3.5714,2016-18
22435,80.5632,3.8338,33.6173,3.5714,2016-18
22440,83.4879,3.2808,35.2291,14.2857,2016-18
22441,83.2329,3.3593,35.0895,10.7143,2016-18
22442,83.1248,3.4369,35.0385,8.9286,2016-18
22443,82.7768,3.5449,34.8591,8.9286,2016-18
22444,81.1396,3.8054,33.8215,3.5714,2016-18
22445,80.7346,3.8453,33.7097,3.5714,2016-18
22446,80.8919,3.8670,33.5342,3.5714,2016-18
22447,80.6824,3.8265,33.7162,3.5714,2016-18
22448,80.6125,3.7862,33.5846,3.5714,2016-18
22449,80.6213,3.7755,33.5356,3.5714,2016-18
22450,80.6669,3.7414,33.4924,5.3571,2016-18
22455,83.3645,3.2741,35.1506,12.5000,2016-18
22456,83.1056,3.3577,35.0117,10.7143,2016-18
22457,82.9289,3.4514,34.9313,10.7143,2016-18
22458,82.5760,3.5778,34.7479,10.7143,2016-18
22459,80.9038,3.8533,33.5138,3.5714,2016-18
22460,80.6554,3.8538,33.5181,3.5714,2016-18
22461,80.6449,3.9256,33.1874,3.5714,2016-18
22462,80.6479,3.8049,33.4305,3.5714,2016-18
22463,80.7066,3.7323,33.3307,3.5714,2016-18
22464,80.8132,3.6904,33.2301,7.1429,2016-18
22465,80.7810,3.6977,33.3407,3.5714,2016-18
22466,80.8128,3.6898,33.3666,5.3571,2016-18
22467,80.9356,3.6573,33.1187,5.3571,2016-18
22472,83.1813,3.2767,35.0412,8.9286,2016-18
22473,82.9407,3.3581,34.9116,8.9286,2016-18
22474,82.7031,3.4720,34.8093,10.7143,2016-18
22475,82.3721,3.5925,34.6376,10.7143,2016-18
22476,80.7430,3.8690,33.2964,3.5714,2016-18
22477,80.6008,3.8524,33.3953,3.5714,2016-18
22478,80.6234,3.8979,33.0793,3.5714,2016-18
22479,80.6446,3.7934,33.4018,5.3571,2016-18
22480,80.6285,3.8742,32.8110,5.3571,2016-18
22481,80.9746,3.6250,33.0441,3.5714,2016-18
22482,80.9319,3.6551,33.1747,3.5714,2016-18
22483,81.0221,3.6312,32.9660,5.3571,2016-18
22488,82.8350,3.3160,34.8554,7.1429,2016-18
22489,82.7708,3.3588,34.8050,7.1429,2016-18
22490,82.5113,3.4759,34.7014,8.9286,2016-18
22491,82.2674,3.5640,34.5674,10.7143,2016-18
22492,80.6358,3.8644,33.1301,3.5714,2016-18
22493,80.5065,3.8705,33.1792,3.5714,2016-18
22494,80.5988,3.8707,32.9006,3.5714,2016-18
22495,80.6174,3.8057,33.2755,5.3571,2016-18
22496,80.7737,3.7971,32.5990,5.3571,2016-18
22497,80.6899,3.8396,32.6422,5.3571,2016-18
22498,80.8632,3.7533,32.3920,7.1429,2016-18
22499,81.0518,3.5822,32.7941,3.5714,2016-18
22500,80.9808,3.6279,32.9719,3.5714,2016-18
22501,81.0771,3.6047,32.8600,5.3571,2016-18
22506,82.4836,3.3646,34.6619,7.1429,2016-18
22507,82.6177,3.3564,34.6973,7.1429,2016-18
22508,82.4324,3.4522,34.6331,10.7143,2016-18
22509,82.1989,3.5251,34.5017,10.7143,2016-18
22510,80.6374,3.8368,33.0808,3.5714,2016-18
22511,80.5174,3.8554,33.0873,3.5714,2016-18
22512,80.6697,3.8336,32.7671,3.5714,2016-18
22513,80.5839,3.8323,33.1137,5.3571,2016-18
22514,80.7773,3.7960,32.4274,5.3571,2016-18
22515,80.9740,3.6884,32.1509,7.1429,2016-18
22516,81.0748,3.5342,32.5043,5.3571,2016-18
22517,81.1370,3.5735,32.8305,5.3571,2016-18
22522,81.8051,3.4810,34.3284,5.3571,2016-18
22523,82.2461,3.3998,34.4933,7.1429,2016-18
22524,82.2736,3.4421,34.5162,10.7143,2016-18
22525,82.1292,3.4883,34.4192,10.7143,2016-18
22526,80.6140,3.8389,33.0072,3.5714,2016-18
22527,80.5399,3.8475,33.0254,5.3571,2016-18
22528,80.6313,3.8500,32.7319,3.5714,2016-18
22529,80.5779,3.8440,33.0140,5.3571,2016-18
22530,80.5438,3.8743,32.4699,3.5714,2016-18
22531,80.8796,3.7343,32.1927,5.3571,2016-18
22532,81.0736,3.6180,31.9059,10.7143,2016-18
22533,81.0059,3.5058,32.2088,7.1429,2016-18
22534,81.1831,3.5303,32.7263,3.5714,2016-18
22539,81.1030,3.5808,33.9847,5.3571,2016-18
22540,81.5870,3.4963,34.1672,5.3571,2016-18
22541,81.7810,3.4996,34.2537,8.9286,2016-18
22542,81.9740,3.4733,34.2880,7.1429,2016-18
22543,80.6205,3.8341,32.9514,3.5714,2016-18
22544,80.5483,3.8455,32.9904,5.3571,2016-18
22545,80.6587,3.8401,32.7369,3.5714,2016-18
22546,80.5837,3.8438,32.8919,5.3571,2016-18
22547,80.6046,3.8396,32.9413,7.1429,2016-18
22548,80.6979,3.8247,32.6256,3.5714,2016-18
22549,80.5507,3.8449,32.3626,3.5714,2016-18
22550,80.6241,3.8434,32.4771,3.5714,2016-18
22551,80.9781,3.6546,31.9793,8.9286,2016-18
22552,81.1009,3.5571,31.6657,16.0714,2016-18
22553,80.8606,3.4962,31.8855,7.1429,2016-18
22554,81.1322,3.4863,32.4657,3.5714,2016-18
22559,80.9575,3.5782,33.8651,5.3571,2016-18
22560,81.2268,3.5379,33.9673,5.3571,2016-18
22561,81.4277,3.5364,34.0547,7.1429,2016-18
22562,81.5928,3.5237,34.0806,7.1429,2016-18
22563,80.6583,3.8229,32.8906,5.3571,2016-18
22564,80.7249,3.8178,32.7210,3.5714,2016-18
22565,80.8096,3.7914,32.5933,5.3571,2016-18
22566,80.6322,3.8522,32.7369,5.3571,2016-18
22567,80.6262,3.8619,32.7480,7.1429,2016-18
22568,80.7346,3.8097,32.7576,5.3571,2016-18
22569,80.6995,3.8020,32.3936,5.3571,2016-18
22570,80.5293,3.8099,32.2475,7.1429,2016-18
22571,80.7729,3.7458,32.3375,14.2857,2016-18
22575,80.9914,3.4579,32.1375,5.3571,2016-18
22580,80.9284,3.5602,33.7860,5.3571,2016-18
22581,81.1509,3.5339,33.8755,5.3571,2016-18
22582,81.2779,3.5448,33.9316,5.3571,2016-18
22583,81.1105,3.6048,33.8427,5.3571,2016-18
22584,80.8865,3.7465,32.5807,3.5714,2016-18
22585,80.6982,3.8578,32.5510,5.3571,2016-18
22586,80.7027,3.8670,32.5883,7.1429,2016-18
22587,80.7991,3.7971,32.5269,5.3571,2016-18
22588,80.9663,3.6930,32.3050,3.5714,2016-18
22589,80.3953,3.7912,32.0672,7.1429,2016-18
22590,80.7732,3.7015,32.2338,12.5000,2016-18
22591,80.8958,3.6071,32.1369,21.4286,2016-18
22595,80.9647,3.4196,31.9406,5.3571,2016-18
22600,80.9583,3.5239,33.7206,5.3571,2016-18
22601,81.0814,3.5241,33.7807,5.3571,2016-18
22602,81.0418,3.5666,33.7750,5.3571,2016-18
22603,80.6424,3.6762,33.6111,5.3571,2016-18
22604,80.7638,3.8526,32.4471,5.3571,2016-18
22605,80.7689,3.8647,32.4713,7.1429,2016-18
22606,80.8474,3.7866,32.4284,5.3571,2016-18
22607,81.0384,3.6631,32.3167,3.5714,2016-18
22608,81.1102,3.6139,32.2539,3.5714,2016-18
22609,80.3766,3.7444,31.9108,10.7143,2016-18
22610,80.7674,3.6300,32.0334,16.0714,2016-18
22611,80.7872,3.5931,31.8283,28.5714,2016-18
22612,80.9541,3.4610,31.9603,25.0000,2016-18
22617,80.9694,3.3790,31.7741,8.9286,2016-18
22622,80.9831,3.4833,33.6314,5.3571,2016-18
22623,80.9456,3.5217,33.6442,5.3571,2016-18
22624,80.7527,3.5912,33.5874,5.3571,2016-18
22625,80.3983,3.6873,33.4477,5.3571,2016-18
22626,80.8406,3.8223,32.3738,5.3571,2016-18
22627,80.8372,3.8472,32.3680,7.1429,2016-18
22628,80.9471,3.7277,32.3870,5.3571,2016-18
22629,81.1498,3.5919,32.2945,5.3571,2016-18
22630,81.2281,3.5413,32.2278,8.9286,2016-18
22631,81.1743,3.5796,32.1884,7.1429,2016-18
22632,81.2616,3.5295,32.1555,10.7143,2016-18
22633,80.3549,3.7916,31.6876,14.2857,2016-18
22637,80.9285,3.3552,31.6991,33.9286,2016-18
22643,80.9450,3.3501,31.5935,10.7143,2016-18
22648,80.1546,3.5884,33.1819,5.3571,2016-18
22649,82.4567,3.2374,34.0354,16.0714,2016-18
22650,82.5683,3.0966,34.0148,30.3571,2016-18
22651,80.4539,3.6348,33.3587,5.3571,2016-18
22652,80.9346,3.7600,32.3512,5.3571,2016-18
22653,80.9338,3.7898,32.3201,7.1429,2016-18
22654,81.0436,3.6603,32.3566,3.5714,2016-18
22655,81.2319,3.5387,32.2247,5.3571,2016-18
22656,81.1994,3.5957,32.0780,5.3571,2016-18
22657,81.2500,3.5708,32.0421,10.7143,2016-18
22667,80.9095,3.3064,31.3527,12.5000,2016-18
22671,82.2132,2.8271,33.9331,25.0000,2016-18
22672,82.2820,3.1655,33.8942,21.4286,2016-18
22673,82.6122,3.0430,34.0147,26.7857,2016-18
22674,80.2919,3.6358,33.1864,7.1429,2016-18
22675,81.0298,3.6900,32.3263,5.3571,2016-18
22676,81.0164,3.7260,32.2841,7.1429,2016-18
22677,81.1147,3.6040,32.2907,3.5714,2016-18
22678,81.2506,3.5272,32.1157,7.1429,2016-18
22679,81.1884,3.6333,31.9736,7.1429,2016-18
22680,81.2043,3.6512,31.9251,7.1429,2016-18
22693,82.5632,2.6384,34.1939,30.3571,2016-18
22694,82.4493,3.0403,33.9891,28.5714,2016-18
22695,82.6277,2.9907,34.0308,32.1429,2016-18
22696,80.2089,3.6407,33.1231,8.9286,2016-18
22697,81.0912,3.6366,32.2181,5.3571,2016-18
22698,81.0965,3.6578,32.1763,10.7143,2016-18
22699,81.0258,3.6104,32.0764,5.3571,2016-18
22700,81.0546,3.6153,31.8971,5.3571,2016-18
22701,80.7839,3.7847,31.6051,8.9286,2016-18
22702,81.1003,3.7142,31.8555,10.7143,2016-18
22703,81.1581,3.7158,31.8549,10.7143,2016-18
22716,82.9044,2.5781,34.4301,33.9286,2016-18
22717,82.6238,2.9080,34.1210,30.3571,2016-18
22718,82.6717,2.9234,34.0762,37.5000,2016-18
22719,80.1766,3.6370,33.0835,8.9286,2016-18
22720,81.0699,3.6344,32.0606,7.1429,2016-18
22721,81.1176,3.6261,32.0462,10.7143,2016-18
22722,81.0079,3.6359,31.9166,7.1429,2016-18
22723,80.9739,3.6722,31.7228,3.5714,2016-18
22724,80.8523,3.7665,31.5758,8.9286,2016-18
22725,80.7303,3.8962,31.4577,8.9286,2016-18
22726,80.8169,3.8879,31.4296,8.9286,2016-18
22727,80.9247,3.8404,31.5121,12.5000,2016-18
22738,82.7944,2.7232,34.3400,39.2857,2016-18
22739,82.7249,2.8144,34.2455,33.9286,2016-18
22740,82.7386,2.8289,34.1648,39.2857,2016-18
22741,83.2632,2.3491,34.4747,51.7857,2016-18
22742,81.0225,3.6513,31.9212,12.5000,2016-18
22743,81.0811,3.6233,31.9183,10.7143,2016-18
22744,81.0035,3.6537,31.7930,8.9286,2016-18
22745,81.0521,3.6616,31.6649,10.7143,2016-18
22746,81.0445,3.7023,31.6151,16.0714,2016-18
22747,81.0536,3.7159,31.5818,14.2857,2016-18
22748,80.7437,3.9253,31.3997,14.2857,2016-18
22749,80.8979,3.8912,31.4357,14.2857,2016-18
22750,80.8955,3.8406,31.4592,16.0714,2016-18
22751,81.0818,3.6923,31.5962,14.2857,2016-18
22752,81.0821,3.7707,31.5287,14.2857,2016-18
22753,81.0965,3.7632,31.5380,21.4286,2016-18
22764,82.6616,2.8193,34.2326,39.2857,2016-18
22765,82.5947,2.8862,34.1577,39.2857,2016-18
22766,82.7935,2.7994,34.2062,41.0714,2016-18
22767,80.4462,3.5668,33.1310,8.9286,2016-18
22768,80.9817,3.6585,31.8395,12.5000,2016-18
22769,81.0119,3.6288,31.8174,10.7143,2016-18
22770,80.9757,3.6606,31.7669,12.5000,2016-18
22771,80.9712,3.6153,31.6924,14.2857,2016-18
22772,80.8837,3.8690,31.4571,21.4286,2016-18
22773,80.9568,3.8259,31.4791,16.0714,2016-18
22774,81.0943,3.6623,31.6142,14.2857,2016-18
22775,81.1358,3.6665,31.5232,26.7857,2016-18
22776,81.1904,3.7056,31.5672,23.2143,2016-18
22787,79.3364,3.6696,32.7408,3.5714,2016-18
22788,79.4989,3.6822,32.8206,3.5714,2016-18
22789,79.7570,3.6684,32.9363,5.3571,2016-18
22790,79.8318,3.6482,32.8690,3.5714,2016-18
22791,80.9122,3.6643,31.7565,12.5000,2016-18
22792,80.8788,3.6425,31.6960,14.2857,2016-18
22793,80.9221,3.6615,31.7226,14.2857,2016-18
22794,80.8703,3.5856,31.6483,16.0714,2016-18
22795,80.9635,3.8287,31.4860,21.4286,2016-18
22796,80.8683,3.8488,31.4301,17.8571,2016-18
22797,80.9622,3.7478,31.5176,19.6429,2016-18
22798,81.0528,3.6278,31.6172,16.0714,2016-18
22808,79.0918,3.7121,32.6182,3.5714,2016-18
22809,79.4045,3.6904,32.7675,3.5714,2016-18
22810,79.5531,3.6947,32.8413,3.5714,2016-18
22811,79.4349,3.6948,32.6927,3.5714,2016-18
22812,80.7900,3.6646,31.6544,17.8571,2016-18
22813,80.6847,3.6608,31.5503,14.2857,2016-18
22814,80.8118,3.6457,31.6318,17.8571,2016-18
22815,80.6489,3.5131,31.5095,17.8571,2016-18
22816,81.0193,3.7806,31.5194,19.6429,2016-18
22817,80.9900,3.7745,31.5095,19.6429,2016-18
22818,81.1119,3.5878,31.6515,16.0714,2016-18
22829,80.5133,3.4559,33.1147,5.3571,2016-18
22830,80.1055,3.6108,32.9968,3.5714,2016-18
22831,81.1606,3.4629,33.4085,8.9286,2016-18
22832,79.2108,3.7199,32.5890,1.7857,2016-18
22833,80.6615,3.6547,31.5536,17.8571,2016-18
22834,80.4990,3.6745,31.4176,14.2857,2016-18
22835,80.7351,3.6200,31.5619,19.6429,2016-18
22836,80.6643,3.4412,31.4913,16.0714,2016-18
22837,80.9496,3.7592,31.4999,23.2143,2016-18
22838,81.2052,3.5337,31.6958,21.4286,2016-18
22849,80.3929,3.4217,33.0756,5.3571,2016-18
22850,81.1237,3.2679,33.3752,32.1429,2016-18
22851,80.7897,3.5116,33.2518,7.1429,2016-18
22852,78.8468,3.7710,32.4382,1.7857,2016-18
22853,80.5250,3.6430,31.4520,21.4286,2016-18
22854,80.2978,3.6900,31.2766,17.8571,2016-18
22855,80.6893,3.5976,31.5199,23.2143,2016-18
22856,80.6474,3.3716,31.4542,19.6429,2016-18
22857,80.8733,3.7427,31.4676,23.2143,2016-18
22858,81.1878,3.5191,31.6756,25.0000,2016-18
22869,80.3718,3.3519,33.0939,10.7143,2016-18
22870,81.1694,3.2176,33.4066,33.9286,2016-18
22871,81.3326,3.2671,33.4521,26.7857,2016-18
22872,80.3296,3.5675,33.0005,5.3571,2016-18
22873,80.3086,3.6448,31.3094,21.4286,2016-18
22875,80.4702,3.5921,31.3927,23.2143,2016-18
22876,80.3907,3.3266,31.2924,23.2143,2016-18
22877,80.7007,3.7119,31.3783,25.0000,2016-18
22878,81.1123,3.5072,31.6204,25.0000,2016-18
22890,77.1413,4.0766,31.7202,0.0000,2016-18
22891,81.1385,3.2361,33.4008,28.5714,2016-18
22892,81.1670,3.3212,33.4038,21.4286,2016-18
22893,80.0545,3.6130,32.8886,5.3571,2016-18
22896,79.7371,3.6009,30.9647,23.2143,2016-18
22897,79.8282,3.2527,30.9400,21.4286,2016-18
22898,80.3956,3.6631,31.2187,25.0000,2016-18
22899,80.9793,3.4917,31.5315,25.0000,2016-18
22912,76.9477,4.0835,31.6342,0.0000,2016-18
22913,81.2189,3.2693,33.4962,26.7857,2016-18
22914,81.9249,3.2566,33.9919,51.7857,2016-18
22915,81.2457,3.2770,33.5604,26.7857,2016-18
22920,80.0988,3.5997,31.0505,25.0000,2016-18
22921,80.8457,3.4747,31.4367,26.7857,2016-18
22934,80.0690,3.5467,32.9464,10.7143,2016-18
22935,81.9089,3.2775,34.0068,53.5714,2016-18
22936,81.9098,3.3014,34.0079,53.5714,2016-18
22937,81.3685,3.3304,33.6266,26.7857,2016-18
22940,80.0232,3.7442,30.9631,26.7857,2016-18
22941,80.7796,3.4700,31.3707,26.7857,2016-18
22948,80.4777,3.5000,33.1800,10.7143,2016-18
22949,81.8754,3.3228,33.9897,53.5714,2016-18
22950,81.9030,3.3029,34.0121,55.3571,2016-18
22951,81.8290,3.3299,33.9504,48.2143,2016-18
22954,80.2432,3.4823,30.9959,26.7857,2016-18
22955,80.8438,3.3848,31.3740,26.7857,2016-18
22961,80.6647,3.5073,33.2655,14.2857,2016-18
22962,81.8609,3.3310,33.9798,53.5714,2016-18
22963,81.9047,3.3089,34.0117,55.3571,2016-18
22964,81.8506,3.3363,33.9717,51.7857,2016-18
22965,80.4601,3.2648,31.0196,25.0000,2016-18
22966,80.8034,3.3673,31.3236,26.7857,2016-18
22973,80.7972,3.4997,33.3279,14.2857,2016-18
22974,81.8270,3.3310,33.9608,53.5714,2016-18
22975,81.8695,3.3124,33.9956,53.5714,2016-18
22976,81.7358,3.3450,33.8982,50.0000,2016-18
22977,80.5599,3.1759,30.9954,25.0000,2016-18
22978,80.6414,3.5246,31.2139,26.7857,2016-18
22985,77.9254,3.9240,32.0570,1.7857,2016-18
22986,81.3677,3.3997,33.6582,32.1429,2016-18
22987,81.8792,3.2898,33.9868,55.3571,2016-18
22988,81.6330,3.3045,33.8112,50.0000,2016-18
22990,80.3281,3.8915,31.0261,26.7857,2016-18
22997,77.9534,3.9115,32.0679,0.0000,2016-18
22998,80.7530,3.5130,33.3225,10.7143,2016-18
22999,81.8876,3.1895,33.9598,57.1429,2016-18
23000,81.7814,3.2081,33.9026,57.1429,2016-18
23009,78.0875,3.9002,32.1218,0.0000,2016-18
23010,80.6582,3.5308,33.2750,10.7143,2016-18
23011,81.9501,3.1456,33.9927,62.5000,2016-18
23012,81.0500,3.4466,33.4944,25.0000,2016-18
23021,78.0863,3.9061,32.1201,0.0000,2016-18
23022,81.4643,3.3210,33.7511,41.0714,2016-18
23023,81.9702,3.1512,34.0005,58.9286,2016-18
23024,81.2441,3.3960,33.6026,28.5714,2016-18
23033,80.4398,3.5238,33.1384,7.1429,2016-18
23034,81.4871,3.3713,33.7612,42.8571,2016-18
23035,82.0218,3.1454,34.0130,58.9286,2016-18
23036,81.5198,3.3900,33.7693,37.5000,2016-18
23045,80.4914,3.5333,33.2107,12.5000,2016-18
23046,81.5571,3.4155,33.7846,46.4286,2016-18
23047,82.0486,3.1291,34.0120,60.7143,2016-18
23048,82.0909,2.9833,34.0266,60.7143,2016-18
23054,80.6295,3.6031,33.2923,12.5000,2016-18
23055,82.0655,3.1928,33.9940,60.7143,2016-18
23056,82.0263,3.2265,33.9971,58.9286,2016-18
23057,81.4921,3.4298,33.7585,48.2143,2016-18
23060,82.0354,3.1908,33.8655,66.0714,2016-18
23061,82.0684,3.2866,33.9801,60.7143,2016-18
23062,82.0318,3.2987,33.9796,60.7143,2016-18
23063,81.4303,3.4459,33.7257,48.2143,2016-18
23066,81.9916,3.2441,33.8576,67.8571,2016-18
23067,82.0573,3.3397,33.9642,66.0714,2016-18
23068,82.0334,3.3557,33.9607,64.2857,2016-18
23069,81.4426,3.4440,33.7331,48.2143,2016-18
23072,82.0167,3.2247,33.8572,67.8571,2016-18
23073,82.0644,3.3576,33.9564,66.0714,2016-18
23074,82.0490,3.3510,33.9536,66.0714,2016-18
23075,81.4504,3.4511,33.7210,51.7857,2016-18
23078,80.9797,3.6369,33.4228,19.6429,2016-18
23079,82.0593,3.3664,33.9449,62.5000,2016-18
23080,82.0511,3.3811,33.9415,66.0714,2016-18
23081,81.6182,3.4496,33.7730,50.0000,2016-18
23084,81.1360,3.5715,33.4832,19.6429,2016-18
23085,82.0522,3.3652,33.9317,64.2857,2016-18
23086,82.0505,3.3901,33.9311,71.4286,2016-18
23087,81.7020,3.4936,33.7829,53.5714,2016-18
23090,81.1344,3.6041,33.4964,28.5714,2016-18
23091,82.0455,3.3969,33.9190,64.2857,2016-18
23092,82.0471,3.3970,33.9189,71.4286,2016-18
23093,81.7988,3.4944,33.7996,51.7857,2016-18
23096,81.3333,3.5691,33.5948,32.1429,2016-18
23097,82.0648,3.3662,33.9219,64.2857,2016-18
23098,82.0499,3.3804,33.9085,71.4286,2016-18
23099,81.9948,3.4633,33.8582,53.5714,2016-18
23102,81.5515,3.4699,33.6759,37.5000,2016-18
23103,82.0099,3.4522,33.8788,60.7143,2016-18
23104,82.0468,3.3443,33.9007,71.4286,2016-18
23105,82.0437,3.2473,33.8875,66.0714,2016-18
23108,79.4147,3.8423,32.7658,5.3571,2016-18
23109,82.1914,3.4100,33.9427,60.7143,2016-18
23110,82.0517,3.3449,33.8844,66.0714,2016-18
23111,82.0579,3.4630,33.8672,53.5714,2016-18
23114,82.8157,3.4536,34.1140,32.1429,2016-18
23115,82.2460,3.3869,33.9522,58.9286,2016-18
23116,82.1184,3.4132,33.8761,57.1429,2016-18
23117,81.2532,3.6042,33.5336,26.7857,2016-18
23120,82.9954,3.4030,34.1793,39.2857,2016-18
23121,81.9889,3.5440,33.8208,32.1429,2016-18
23122,82.1944,3.3179,33.8874,58.9286,2016-18
23123,79.8960,3.6431,32.9598,23.2143,2016-18
23126,83.3090,3.3592,34.2546,44.6429,2016-18
23127,82.8161,3.4108,34.0958,42.8571,2016-18
23128,82.3869,3.4395,33.9404,37.5000,2016-18
23129,82.1909,3.4000,33.8389,39.2857,2016-18
23132,83.4747,3.3129,34.2883,46.4286,2016-18
23133,79.0790,3.8977,32.6233,3.5714,2016-18
23134,82.4480,3.3360,33.9390,46.4286,2016-18
23135,82.1690,3.3512,33.7933,42.8571,2016-18
23138,79.1841,3.8966,32.6936,10.7143,2016-18
23139,76.2206,4.1584,31.5251,0.0000,2016-18
23140,78.9528,3.9002,32.5654,8.9286,2016-18
23141,78.6217,3.9115,32.3958,12.5000,2016-18
23144,77.3913,4.0571,32.0018,1.7857,2016-18
23145,75.6700,4.1994,31.3170,0.0000,2016-18
23146,78.4174,3.9540,32.3563,5.3571,2016-18
23147,78.2162,3.9730,32.2292,10.7143,2016-18
23150,76.8496,4.0963,31.7950,1.7857,2016-18
23151,76.1553,4.1485,31.5057,0.0000,2016-18
23152,78.2324,3.9683,32.2806,5.3571,2016-18
23153,77.5997,4.0445,31.9877,7.1429,2016-18
23156,76.6124,4.1087,31.7000,1.7857,2016-18
23157,80.0601,3.7425,32.9911,26.7857,2016-18
23158,80.6525,3.6986,33.2122,32.1429,2016-18
23159,77.3206,4.0680,31.8852,3.5714,2016-18
23162,79.7461,3.7595,32.8662,25.0000,2016-18
23163,80.2506,3.7132,33.0494,30.3571,2016-18
23164,80.6710,3.6676,33.2145,33.9286,2016-18
23165,77.0638,4.0824,31.7929,3.5714,2016-18
23168,79.8226,3.7305,32.8670,26.7857,2016-18
23169,80.2898,3.7088,33.0452,33.9286,2016-18
23170,80.7959,3.6022,33.2414,35.7143,2016-18
23171,76.4787,4.1259,31.5666,3.5714,2016-18
23174,79.8699,3.7379,32.8400,28.5714,2016-18
23175,80.2578,3.7202,32.9894,58.9286,2016-18
23176,80.9481,3.5132,33.2466,35.7143,2016-18
23177,75.5559,4.2049,31.2013,3.5714,2016-18
23180,80.7563,3.4386,32.9788,69.6429,2016-18
23181,80.3185,3.7012,32.9769,64.2857,2016-18
23182,76.3555,4.1525,31.5291,1.7857,2016-18
23183,75.5121,4.1847,31.1633,3.5714,2016-18
23186,80.4402,3.6646,32.9022,32.1429,2016-18
23187,80.2672,3.7387,32.9420,35.7143,2016-18
23188,75.8728,4.1852,31.3287,1.7857,2016-18
23189,75.4300,4.1681,31.0741,3.5714,2016-18
23192,80.5681,3.6477,32.9005,32.1429,2016-18
23193,80.3354,3.7281,32.9338,37.5000,2016-18
23194,74.7267,4.2778,30.8617,1.7857,2016-18
23195,73.7331,4.3163,30.3578,1.7857,2016-18
23198,80.5638,3.6545,32.8670,33.9286,2016-18
23199,80.3919,3.7221,32.9120,35.7143,2016-18
23200,74.6691,4.2723,30.8132,1.7857,2016-18
23201,72.9951,4.3578,29.9969,0.0000,2016-18
23204,80.6357,3.6472,32.8419,32.1429,2016-18
23205,82.7329,3.1565,33.4046,73.2143,2016-18
23206,74.3767,4.2979,30.6819,1.7857,2016-18
23207,72.7050,4.3636,29.8337,0.0000,2016-18
23210,80.7648,3.6300,32.8285,33.9286,2016-18
23211,82.8895,3.0821,33.3542,75.0000,2016-18
23212,74.5969,4.2848,30.7529,0.0000,2016-18
23213,71.8916,4.4194,29.4720,0.0000,2016-18
23216,80.8792,3.6117,32.8141,39.2857,2016-18
23217,83.0636,2.9705,33.2957,75.0000,2016-18
23218,74.9992,4.2738,30.9064,1.7857,2016-18
23219,72.4812,4.3671,29.6852,0.0000,2016-18
23222,81.0054,3.5790,32.7914,41.0714,2016-18
23223,83.1870,2.8700,33.2395,76.7857,2016-18
23224,81.0166,3.5800,32.8762,41.0714,2016-18
23225,74.3282,4.2763,30.4792,0.0000,2016-18
23228,81.2445,3.4297,32.7208,41.0714,2016-18
23229,80.9614,3.6382,32.8635,41.0714,2016-18
23230,81.1114,3.5578,32.8545,42.8571,2016-18
23231,75.2452,4.2271,30.8364,5.3571,2016-18
23234,81.4133,3.3338,32.7578,53.5714,2016-18
23235,81.0985,3.5858,32.8432,46.4286,2016-18
23236,81.1481,3.5103,32.7962,44.6429,2016-18
23237,75.5983,4.2093,30.9473,8.9286,2016-18
23240,81.4168,3.3430,32.7754,60.7143,2016-18
23241,81.2182,3.5389,32.8192,48.2143,2016-18
23242,81.3592,3.4332,32.7615,50.0000,2016-18
23243,81.8585,2.7669,32.5749,78.5714,2016-18
23246,75.8184,4.2590,30.9786,5.3571,2016-18
23247,81.1371,3.5283,32.7546,44.6429,2016-18
23248,81.3395,3.4295,32.7337,51.7857,2016-18
23249,81.8032,2.8510,32.6028,83.9286,2016-18
23252,75.9057,4.2433,30.9559,7.1429,2016-18
23253,80.8451,3.5491,32.6355,46.4286,2016-18
23254,80.9677,3.4895,32.6297,46.4286,2016-18
23255,76.5365,4.1176,31.1252,17.8571,2016-18
23258,75.9410,4.2344,30.8916,7.1429,2016-18
23259,80.1662,3.6588,32.3992,39.2857,2016-18
23260,80.1338,3.6496,32.3712,41.0714,2016-18
23261,76.3643,4.1558,31.0555,19.6429,2016-18
23264,79.0735,3.7881,31.9522,37.5000,2016-18
23265,79.8363,3.7114,32.2579,41.0714,2016-18
23266,79.8605,3.6986,32.2676,39.2857,2016-18
23267,78.7553,3.8656,31.9225,37.5000,2016-18
23270,79.2013,3.7240,31.9350,42.8571,2016-18
23271,79.4390,3.7878,32.1015,37.5000,2016-18
23272,78.7953,3.8546,31.8793,37.5000,2016-18
23275,79.1659,3.7174,31.8548,41.0714,2016-18
23276,78.8400,3.9071,31.8555,41.0714,2016-18
23277,78.6107,3.9159,31.7536,37.5000,2016-18
23280,79.0305,3.7751,31.7606,39.2857,2016-18
23281,79.0346,3.9070,31.7984,39.2857,2016-18
23282,79.6383,3.8073,31.7271,41.0714,2016-18
23285,80.3310,3.5221,31.9911,41.0714,2016-18
23286,79.3890,3.8842,31.7693,60.7143,2016-18
23287,79.8377,3.8333,31.7074,35.7143,2016-18
23290,80.3457,3.6030,31.7937,41.0714,2016-18
23291,79.9137,3.8448,31.7419,69.6429,2016-18
23292,81.1312,3.5377,31.7497,62.5000,2016-18
23295,79.4360,3.8765,31.4016,39.2857,2016-18
23296,80.2629,3.8181,31.7289,69.6429,2016-18
23297,80.0194,3.9203,31.6174,39.2857,2016-18
23300,80.5853,3.8197,31.6636,44.6429,2016-18
23301,80.7075,3.7625,31.7163,67.8571,2016-18
23302,80.1867,3.9013,31.6297,48.2143,2016-18
23305,80.2307,3.8588,31.5055,41.0714,2016-18
23306,81.0643,3.6114,31.7071,76.7857,2016-18
23307,80.3985,3.8713,31.7097,48.2143,2016-18
23310,80.7663,3.8017,31.5653,46.4286,2016-18
23311,81.0319,3.6682,31.6832,62.5000,2016-18
23312,80.5542,3.7709,31.5183,42.8571,2016-18
23315,80.8225,3.8553,31.6681,51.7857,2016-18
23316,80.3875,3.8822,31.5822,48.2143,2016-18
23317,80.6774,3.7640,31.5554,60.7143,2016-18
23320,80.4027,3.9643,31.4838,50.0000,2016-18
23321,80.4835,3.9124,31.5290,80.3571,2016-18
23322,80.8429,3.7632,31.5128,69.6429,2016-18
23325,80.4228,4.0040,31.4378,71.4286,2016-18
23326,80.6133,3.9280,31.4937,78.5714,2016-18
23327,81.0405,3.8005,31.4650,66.0714,2016-18
23330,80.6284,3.9811,31.4234,71.4286,2016-18
23331,80.7643,3.9351,31.4632,76.7857,2016-18
23332,80.7856,3.9322,31.4607,73.2143,2016-18
23333,80.9488,3.8326,31.4502,69.6429,2016-18
23336,80.8701,3.9508,31.3955,51.7857,2016-18
23337,80.8976,3.9300,31.4394,82.1429,2016-18
23338,80.9608,3.9207,31.4331,57.1429,2016-18
23339,76.5040,4.3560,29.9939,10.7143,2016-18
23342,81.1853,3.8624,31.4136,66.0714,2016-18
23343,81.0474,3.9095,31.4244,83.9286,2016-18
23344,78.3134,4.2090,30.5975,21.4286,2016-18
23345,75.5254,4.3905,29.5952,10.7143,2016-18
23348,78.1138,4.2852,30.6082,28.5714,2016-18
23349,81.2263,3.8750,31.4345,75.0000,2016-18
23350,78.3039,4.2184,30.5676,17.8571,2016-18
23351,77.4304,4.2177,30.1042,14.2857,2016-18
23354,80.2522,4.0971,31.1899,62.5000,2016-18
23355,80.9741,3.9681,31.3355,69.6429,2016-18
23356,81.3627,3.9200,31.4181,69.6429,2016-18
23357,77.8871,4.2459,30.2942,19.6429,2016-18
23360,80.3589,4.0222,31.1541,62.5000,2016-18
23361,80.9850,3.9762,31.2807,67.8571,2016-18
23362,81.3675,3.9178,31.3444,71.4286,2016-18
23363,82.2060,3.8282,31.5206,80.3571,2016-18
23366,80.9015,3.9279,31.2023,73.2143,2016-18
23367,81.2765,3.9412,31.2776,91.0714,2016-18
23368,81.6992,3.9005,31.3348,92.8571,2016-18
23369,82.2180,3.8217,31.4153,89.2857,2016-18
23372,81.2442,3.8146,31.1973,82.1429,2016-18
23373,81.3529,3.9304,31.2563,92.8571,2016-18
23374,81.7226,3.9214,31.2829,92.8571,2016-18
23375,82.3208,3.7698,31.2363,89.2857,2016-18
23378,77.9096,4.3267,30.3083,23.2143,2016-18
23379,81.4419,3.9401,31.2296,75.0000,2016-18
23380,81.8080,3.9073,31.2454,92.8571,2016-18
23381,81.9803,3.7825,31.2066,96.4286,2016-18
23384,78.1509,4.2926,30.3190,21.4286,2016-18
23385,81.6155,3.8998,31.2252,89.2857,2016-18
23386,81.8510,3.8982,31.2175,96.4286,2016-18
23387,81.9971,3.7821,31.1929,100.0000,2016-18
23390,78.4105,4.2538,30.3245,23.2143,2016-18
23391,81.7315,3.8109,31.1991,98.2143,2016-18
23392,81.9513,3.8510,31.1853,100.0000,2016-18
23393,82.1972,3.7685,31.1419,98.2143,2016-18
23396,78.3111,4.2237,30.2003,23.2143,2016-18
23397,78.8472,4.2374,30.3880,28.5714,2016-18
23398,82.0921,3.7845,31.1492,100.0000,2016-18
23399,82.3116,3.6616,31.1056,100.0000,2016-18
23402,76.3161,4.3377,29.4942,12.5000,2016-18
23403,78.3148,4.2658,30.1657,25.0000,2016-18
23404,82.2737,3.7009,31.1287,100.0000,2016-18
23405,80.0701,3.9533,30.2114,48.2143,2016-18
23408,76.8424,4.3145,29.6128,26.7857,2016-18
23409,81.7240,3.8669,30.9202,96.4286,2016-18
23410,81.9280,3.7941,30.9217,98.2143,2016-18
23411,79.8020,3.9475,30.0508,42.8571,2016-18
23414,81.1717,3.8900,30.7494,96.4286,2016-18
23415,81.5087,3.8764,30.7831,100.0000,2016-18
23416,82.1007,3.7337,30.8115,100.0000,2016-18
23417,83.0423,3.4669,30.7616,98.2143,2016-18
23420,81.2948,3.8640,30.6705,98.2143,2016-18
23421,81.5073,3.8685,30.7139,100.0000,2016-18
23422,81.9152,3.7678,30.7289,100.0000,2016-18
23423,82.3728,3.5705,30.7139,98.2143,2016-18
23426,81.4963,3.8043,30.5781,100.0000,2016-18
23427,81.5519,3.8418,30.6595,100.0000,2016-18
23428,81.7171,3.7842,30.6584,98.2143,2016-18
23429,77.6016,4.1374,29.3427,25.0000,2016-18
23432,81.8902,3.6920,30.4973,100.0000,2016-18
23433,81.6751,3.7861,30.6082,100.0000,2016-18
23434,77.8341,4.1984,29.5702,23.2143,2016-18
23435,77.7618,4.1516,29.4474,25.0000,2016-18
23438,82.0935,3.5761,30.4903,100.0000,2016-18
23439,81.8489,3.7047,30.5647,100.0000,2016-18
23440,78.5407,4.1210,29.7258,26.7857,2016-18
23441,78.1065,4.1224,29.5488,23.2143,2016-18
23445,82.6760,3.3879,30.4850,100.0000,2016-18
23446,82.3672,3.4950,30.4936,100.0000,2016-18
23447,78.8594,4.0696,29.7705,25.0000,2016-18
23448,78.0534,4.1039,29.4978,23.2143,2016-18
23453,77.0811,4.2894,29.2671,30.3571,2016-18
23454,78.8649,4.0647,29.7277,35.7143,2016-18
23455,78.9060,4.0519,29.7504,28.5714,2016-18
23456,78.2410,4.0661,29.5175,26.7857,2016-18
23462,74.6530,4.4434,28.5003,21.4286,2016-18
23463,77.4770,4.1717,29.2968,30.3571,2016-18
23464,83.3743,3.6525,30.9737,60.7143,2016-18
23465,78.4488,4.0095,29.5165,30.3571,2016-18
23474,73.4217,4.5022,28.0872,21.4286,2016-18
23475,81.6087,3.7040,30.3155,66.0714,2016-18
23476,83.0109,3.6371,30.7913,66.0714,2016-18
23477,78.4230,3.9644,29.4331,30.3571,2016-18
23487,74.1213,4.3990,28.2183,25.0000,2016-18
23488,82.3149,3.5146,30.3685,80.3571,2016-18
23489,82.9277,3.5926,30.6862,78.5714,2016-18
23490,78.3277,3.9274,29.3283,28.5714,2016-18
23505,74.2441,4.3178,28.1586,25.0000,2016-18
23506,82.6232,3.4038,30.3949,83.9286,2016-18
23507,82.8615,3.5497,30.5930,78.5714,2016-18
23508,77.9608,3.9299,29.1607,26.7857,2016-18
23528,74.1471,4.2542,28.0378,25.0000,2016-18
23529,82.4935,3.4358,30.3398,80.3571,2016-18
23530,82.4181,3.5692,30.4090,75.0000,2016-18
23531,77.6628,3.9170,29.0034,32.1429,2016-18
23559,75.0200,4.1628,28.2387,32.1429,2016-18
23560,82.2654,3.4247,30.2130,85.7143,2016-18
23561,82.1009,3.5686,30.2669,78.5714,2016-18
23562,77.0643,3.9133,28.7434,30.3571,2016-18
23594,75.4644,4.0637,28.2812,33.9286,2016-18
23595,82.0458,3.3862,30.0701,87.5000,2016-18
23596,81.9222,3.5149,30.1309,85.7143,2016-18
23597,76.5522,3.8962,28.4995,28.5714,2016-18
23633,74.9949,4.0780,28.0922,32.1429,2016-18
23634,81.5853,3.4155,29.8905,87.5000,2016-18
23635,81.5230,3.4614,29.8962,94.6429,2016-18
23636,81.4184,3.2524,29.7522,92.8571,2016-18
23671,75.5069,4.0526,28.2375,37.5000,2016-18
23672,81.4717,3.3533,29.7934,87.5000,2016-18
23673,81.4384,3.3711,29.7822,96.4286,2016-18
23674,81.3424,3.1626,29.6411,92.8571,2016-18
23712,75.6722,4.0410,28.2677,41.0714,2016-18
23713,81.0999,3.4074,29.6942,89.2857,2016-18
23714,81.3228,3.2969,29.6909,92.8571,2016-18
23715,81.2838,2.9560,29.5440,92.8571,2016-18
23750,80.4353,3.3624,29.4296,89.2857,2016-18
23751,80.4605,3.4747,29.4917,89.2857,2016-18
23752,81.1496,3.2706,29.6077,92.8571,2016-18
23753,76.2431,3.7136,28.1382,33.9286,2016-18
23792,80.4663,3.2419,29.3622,92.8571,2016-18
23793,80.3709,3.3818,29.3754,89.2857,2016-18
23794,80.1405,3.4167,29.3150,85.7143,2016-18
23795,75.5340,3.8386,27.9528,35.7143,2016-18
23841,79.6086,3.3031,29.0594,94.6429,2016-18
23842,79.5177,3.4740,29.1169,94.6429,2016-18
23843,79.4591,3.4720,29.0810,94.6429,2016-18
23844,79.0329,3.4648,28.8965,83.9286,2016-18
23893,78.8768,3.3679,28.7938,91.0714,2016-18
23894,79.7113,3.3023,29.0278,96.4286,2016-18
23895,79.6295,3.3375,29.0001,100.0000,2016-18
23896,78.8986,3.4581,28.8363,83.9286,2016-18
23947,74.1753,4.1336,27.6666,28.5714,2016-18
23948,79.8240,3.2073,28.9976,96.4286,2016-18
23949,79.9030,3.1116,28.9561,100.0000,2016-18
23950,79.8340,3.0576,28.9287,98.2143,2016-18
24006,74.3448,4.0966,27.6837,25.0000,2016-18
24007,79.8775,3.1347,28.9713,98.2143,2016-18
24008,79.8970,3.0847,28.9401,100.0000,2016-18
24009,79.7849,3.0757,28.9109,98.2143,2016-18
24048,74.6098,4.0547,27.7189,26.7857,2016-18
24049,79.8220,3.0718,28.9348,100.0000,2016-18
24050,79.8231,3.0607,28.9230,100.0000,2016-18
24051,79.7284,3.0671,28.8984,100.0000,2016-18
24083,74.7092,4.0256,27.7057,32.1429,2016-18
24084,79.7607,3.0382,28.9144,100.0000,2016-18
24085,79.7531,3.0194,28.9079,100.0000,2016-18
24086,79.5404,3.1953,28.8547,100.0000,2016-18
24109,74.6706,3.9998,27.6671,30.3571,2016-18
24110,79.7019,3.0352,28.8971,100.0000,2016-18
24111,79.7046,2.9559,28.8974,100.0000,2016-18
24112,78.9226,3.5211,28.7144,83.9286,2016-18
24129,74.6611,3.9677,27.6323,33.9286,2016-18
24130,79.6622,3.0171,28.8852,100.0000,2016-18
24131,79.5796,3.1211,28.8600,100.0000,2016-18
24132,74.9947,3.9728,27.6350,33.9286,2016-18
24149,74.6071,3.9312,27.5794,28.5714,2016-18
24150,79.6239,2.9797,28.8781,100.0000,2016-18
24151,76.8764,1.9428,28.9698,100.0000,2016-18
24152,78.4502,3.4806,28.5026,89.2857,2016-18
24167,74.6783,3.9153,27.5484,32.1429,2016-18
24168,79.5484,2.9364,28.8715,100.0000,2016-18
24169,77.3416,2.1336,28.9712,100.0000,2016-18
24170,78.8806,2.6808,29.0199,100.0000,2016-18
24178,74.8375,3.8758,27.5461,32.1429,2016-18
24179,79.3483,2.8628,28.8700,100.0000,2016-18
24180,76.1547,1.8902,28.9796,100.0000,2016-18
24181,78.7293,3.2222,28.6268,96.4286,2016-18
24185,75.0109,3.8351,27.5554,35.7143,2016-18
24186,74.7780,1.6481,28.9917,100.0000,2016-18
24187,75.6363,1.7811,28.9853,100.0000,2016-18
24188,74.8822,3.6972,27.4473,37.5000,2016-18
24192,79.5776,3.0849,28.8645,94.6429,2016-18
24193,73.6892,1.7421,28.9973,100.0000,2016-18
24194,75.4855,1.9142,28.9813,100.0000,2016-18
24195,73.7170,3.5832,27.1392,35.7143,2016-18
24201,79.1673,3.0244,28.8678,94.6429,2016-18
24202,73.0779,1.7689,29.0025,100.0000,2016-18
24203,73.0974,1.6712,29.0033,100.0000,2016-18
24204,73.9436,3.5110,27.2395,39.2857,2016-18
24212,78.7861,2.9475,28.8775,96.4286,2016-18
24213,72.4075,1.6951,29.0095,100.0000,2016-18
24214,77.5146,2.5716,28.9019,100.0000,2016-18
24215,74.4610,3.5629,27.3858,41.0714,2016-18
24226,78.3197,2.9138,28.8744,96.4286,2016-18
24227,75.7163,2.2991,28.9464,100.0000,2016-18
24228,77.2814,2.4880,28.9263,100.0000,2016-18
24229,74.2489,3.5887,27.3346,41.0714,2016-18
24242,77.8310,2.8358,28.8607,96.4286,2016-18
24243,65.6310,2.1426,29.1695,100.0000,2016-18
24244,75.1569,2.2537,28.9663,100.0000,2016-18
24245,74.0778,3.5106,27.3432,41.0714,2016-18
24260,76.2225,2.3917,29.1710,98.2143,2016-18
24261,63.4925,2.5058,29.1816,100.0000,2016-18
24262,77.5136,2.6861,28.8619,96.4286,2016-18
24263,73.3975,3.4382,27.2206,37.5000,2016-18
24280,74.0017,2.4045,29.1357,98.2143,2016-18
24281,62.2263,2.8564,29.1846,100.0000,2016-18
24282,77.0260,2.6173,28.8724,96.4286,2016-18
24283,73.2386,3.3798,27.2319,46.4286,2016-18
24300,72.8311,2.6079,29.1131,96.4286,2016-18
24301,61.8893,3.1525,29.1811,100.0000,2016-18
24302,70.5806,2.5524,29.1193,98.2143,2016-18
24303,71.6110,3.4007,26.8147,41.0714,2016-18
24321,64.7248,3.1302,29.1548,100.0000,2016-18
24322,61.5779,3.2899,29.1854,100.0000,2016-18
24323,67.4149,2.9461,29.1259,89.2857,2016-18
24324,70.7993,3.4358,26.6728,39.2857,2016-18
24343,62.4301,3.2564,29.1802,100.0000,2016-18
24344,61.7279,3.2952,29.1846,100.0000,2016-18
24345,68.8369,2.9534,29.1086,83.9286,2016-18
24346,72.6458,3.3568,27.3306,46.4286,2016-18
24357,61.4771,3.3154,29.1867,100.0000,2016-18
24358,61.2810,3.3141,29.1891,100.0000,2016-18
24359,66.7157,3.1397,29.1045,73.2143,2016-18
24360,72.2337,3.3763,27.3096,35.7143,2016-18
24367,65.2034,3.2935,29.1070,69.6429,2016-18
24368,61.3371,3.2946,29.1991,94.6429,2016-18
24369,61.1702,3.4797,29.1805,55.3571,2016-18
24370,72.0886,2.8530,28.9057,83.9286,2016-18
24378,72.8454,3.4644,27.2401,35.7143,2016-18
24379,50.7042,4.3217,29.3908,46.4286,2016-18
24380,10.5535,7.7070,29.9587,1.7857,2016-18
24381,49.9129,4.4093,29.4099,41.0714,2016-18
24390,72.2417,3.4863,27.0513,33.9286,2016-18
24391,71.7957,2.9642,28.7704,76.7857,2016-18
24392,8.9899,8.0442,29.9489,1.7857,2016-18
24393,47.9065,4.6193,29.4298,33.9286,2016-18
24405,72.0069,3.4650,27.0114,41.0714,2016-18
24406,42.5409,5.1197,29.5028,26.7857,2016-18
24407,0.4248,9.0921,30.0178,0.0000,2016-18
24408,12.3582,7.8880,29.8940,3.5714,2016-18
24420,71.9035,3.4336,27.0611,41.0714,2016-18
24421,8.5007,8.3128,29.9345,0.0000,2016-18
24422,0.1051,9.3961,30.0061,0.0000,2016-18
24423,13.1138,7.8826,29.8861,0.0000,2016-18
24432,70.9497,3.4937,26.8729,32.1429,2016-18
24433,43.0549,5.1821,29.4777,19.6429,2016-18
24434,0.4234,8.8305,30.0565,0.0000,2016-18
24435,27.8797,6.4327,29.7429,5.3571,2016-18
24442,61.4463,3.9931,28.7974,33.9286,2016-18
24443,12.2666,7.2280,29.9968,0.0000,2016-18
24444,0.7156,8.0124,30.1468,0.0000,2016-18
24445,61.1721,3.6457,29.3270,35.7143,2016-18
24451,41.1231,5.1467,29.4870,25.0000,2016-18
24452,2.1654,7.5521,30.1529,0.0000,2016-18
24453,2.5683,7.5267,30.1469,0.0000,2016-18
24454,53.2952,4.1369,29.3651,32.1429,2016-18
24461,70.2449,3.5840,27.0039,30.3571,2016-18
24462,42.3894,5.1418,29.4760,25.0000,2016-18
24463,5.3215,7.2526,30.1172,0.0000,2016-18
24464,26.2810,5.8671,29.8022,5.3571,2016-18
24472,65.1712,3.5648,28.5500,48.2143,2016-18
24473,41.4464,5.1349,29.4694,26.7857,2016-18
24474,18.4027,6.7761,29.8914,1.7857,2016-18
24475,43.6648,4.8594,29.4333,25.0000,2016-18
24484,61.6569,3.7808,28.6717,50.0000,2016-18
24485,41.3664,5.1014,29.4546,30.3571,2016-18
24486,16.7542,6.8551,29.9157,0.0000,2016-18
24487,44.6532,4.7611,29.4274,28.5714,2016-18
24495,62.6930,3.8200,28.7417,42.8571,2016-18
24496,41.3668,5.0864,29.4467,32.1429,2016-18
24497,17.2145,6.6878,29.9188,0.0000,2016-18
24498,44.6434,4.7747,29.4270,33.9286,2016-18
24510,62.8248,3.7538,28.7816,44.6429,2016-18
24511,41.1637,5.0864,29.4479,32.1429,2016-18
24512,19.6845,6.0836,29.9083,3.5714,2016-18
24513,21.8944,5.4840,29.8972,16.0714,2016-18
24528,69.3610,3.6750,27.3607,30.3571,2016-18
24529,41.1021,5.0667,29.4510,35.7143,2016-18
24530,16.1198,5.3999,29.9926,28.5714,2016-18
24531,14.6785,5.1379,29.9964,35.7143,2016-18
24544,69.0979,3.7020,27.1686,28.5714,2016-18
24545,41.7947,4.9897,29.4457,41.0714,2016-18
24546,16.8955,5.5515,29.9888,26.7857,2016-18
24547,24.0962,5.7340,29.8503,25.0000,2016-18
24557,40.0272,4.4367,29.7772,76.7857,2016-18
24558,33.0327,4.9951,29.8108,69.6429,2016-18
24559,25.8751,5.6046,29.8399,46.4286,2016-18
24560,60.4196,4.0466,28.7042,33.9286,2016-18
24574,42.2137,4.3231,29.7659,83.9286,2016-18
24575,39.7690,4.4825,29.7797,80.3571,2016-18
24576,59.5472,4.1285,28.7755,33.9286,2016-18
24577,67.7884,3.8183,27.0275,26.7857,2016-18
24593,43.0172,4.2356,29.7766,89.2857,2016-18
24594,41.6171,4.3096,29.7856,87.5000,2016-18
24595,59.4879,4.1119,28.7570,33.9286,2016-18
24596,67.7339,3.8058,27.0370,26.7857,2016-18
24609,44.8259,3.7634,29.8317,96.4286,2016-18
24610,43.7442,3.9402,29.8243,96.4286,2016-18
24611,48.1874,3.9824,29.6522,94.6429,2016-18
24612,67.5238,3.8016,27.0296,28.5714,2016-18
24628,45.6699,3.5307,29.9182,98.2143,2016-18
24629,45.3962,3.7532,29.9428,98.2143,2016-18
24630,49.1181,4.0457,29.6325,91.0714,2016-18
24631,66.9974,3.8114,27.0066,28.5714,2016-18
24648,46.0887,3.4372,30.0456,100.0000,2016-18
24649,47.2831,3.1454,30.0680,100.0000,2016-18
24650,56.5453,4.1130,28.9098,41.0714,2016-18
24651,65.9553,3.8433,26.9801,30.3571,2016-18
24669,46.8593,3.9843,29.6852,92.8571,2016-18
24670,48.4719,2.9005,30.0976,100.0000,2016-18
24671,55.9898,4.0818,28.9238,42.8571,2016-18
24672,64.1767,3.9132,26.8701,30.3571,2016-18
24687,47.7242,3.7309,29.7128,100.0000,2016-18
24688,50.3628,2.7027,30.0951,100.0000,2016-18
24689,55.0712,4.0797,28.9412,48.2143,2016-18
24690,60.0117,4.1354,25.9115,25.0000,2016-18
24706,49.3874,3.5287,29.7136,100.0000,2016-18
24707,50.1544,2.8193,30.1111,100.0000,2016-18
24708,54.1768,4.0601,29.0113,51.7857,2016-18
24709,60.4636,4.0742,26.3400,28.5714,2016-18
24723,51.4541,3.5060,29.7107,98.2143,2016-18
24724,52.2042,3.2440,29.7991,100.0000,2016-18
24725,53.7866,4.0105,29.0832,57.1429,2016-18
24726,60.9735,4.0588,26.8427,30.3571,2016-18
24740,53.0987,4.0457,29.1550,58.9286,2016-18
24741,53.7992,3.2643,30.0124,100.0000,2016-18
24742,54.2185,3.9141,29.0883,66.0714,2016-18
24743,60.7166,4.0834,26.8871,30.3571,2016-18
24756,53.2803,3.8378,29.1788,71.4286,2016-18
24757,54.4683,3.7457,29.1970,76.7857,2016-18
24758,56.1189,3.8100,28.9713,67.8571,2016-18
24759,60.3158,4.1036,26.8731,30.3571,2016-18
24772,60.7632,4.0648,27.2969,30.3571,2016-18
24773,59.9700,4.0500,27.3220,30.3571,2016-18
24774,57.1052,3.7396,28.8804,71.4286,2016-18
24775,58.7376,3.6820,28.6054,71.4286,2016-18
24788,60.1300,4.0600,27.2944,30.3571,2016-18
24789,59.7573,4.0787,27.1649,30.3571,2016-18
24790,58.5915,3.8078,28.3940,58.9286,2016-18
24791,58.4926,3.7128,28.5039,62.5000,2016-18
24805,62.5473,3.6803,28.7604,67.8571,2016-18
24806,59.8957,3.8136,28.2519,64.2857,2016-18
24807,58.3947,3.7767,28.3553,67.8571,2016-18
24808,58.1550,3.6715,28.4322,71.4286,2016-18
24822,62.0839,3.6885,28.5739,73.2143,2016-18
24823,59.9142,3.7760,28.2661,67.8571,2016-18
24824,58.5389,3.7444,28.2656,94.6429,2016-18
24825,57.9477,3.6248,28.3058,75.0000,2016-18
24838,61.7160,3.6890,28.4013,71.4286,2016-18
24839,59.8357,3.7596,28.1955,69.6429,2016-18
24840,58.6535,3.6851,28.1888,100.0000,2016-18
24841,58.2608,3.5637,28.1507,80.3571,2016-18
24849,61.0505,3.7285,28.1187,71.4286,2016-18
24850,59.4902,3.6939,28.1243,73.2143,2016-18
24851,58.6314,3.5896,28.1202,76.7857,2016-18
24852,55.6902,4.0561,26.1950,30.3571,2016-18
24862,60.1253,3.8082,27.7584,66.0714,2016-18
24863,60.1142,3.5115,27.9778,92.8571,2016-18
24864,58.6063,3.4491,28.0233,75.0000,2016-18
24865,53.7019,4.1587,25.2752,28.5714,2016-18
24874,59.7690,3.8132,27.6497,66.0714,2016-18
24875,60.0857,3.5021,27.9419,98.2143,2016-18
24876,58.6867,3.5475,27.8324,76.7857,2016-18
24877,53.4452,4.2553,25.1319,28.5714,2016-18
24888,59.5222,3.7978,27.5801,67.8571,2016-18
24889,60.0391,3.5057,27.8834,98.2143,2016-18
24890,58.6639,3.6924,27.5397,76.7857,2016-18
24891,54.9755,4.2239,25.7031,30.3571,2016-18
24904,59.4483,3.2809,27.6238,100.0000,2016-18
24905,59.6024,3.4308,27.7476,100.0000,2016-18
24906,59.7084,3.4298,27.7081,100.0000,2016-18
24907,58.9101,3.6542,27.2897,78.5714,2016-18
24921,59.4645,3.1448,27.5868,100.0000,2016-18
24922,58.7641,2.7645,27.6965,100.0000,2016-18
24923,59.1066,2.9012,27.6937,100.0000,2016-18
24924,58.8986,3.6107,27.2796,78.5714,2016-18
24937,59.2018,2.9984,27.5899,100.0000,2016-18
24938,58.9754,2.8108,27.6903,100.0000,2016-18
24939,59.1450,2.8861,27.6859,100.0000,2016-18
24940,59.0407,2.9823,27.5275,100.0000,2016-18
24951,58.7092,3.3730,27.1343,82.1429,2016-18
24952,58.8257,2.7876,27.6906,100.0000,2016-18
24953,59.0608,3.0446,27.5819,100.0000,2016-18
24965,54.6434,4.2080,25.5097,28.5714,2016-18
24966,59.1823,3.0431,27.6200,100.0000,2016-18
24967,58.8867,3.0018,27.5435,100.0000,2016-18
24979,54.4918,4.1986,25.4404,28.5714,2016-18
24980,58.9096,2.9734,27.5648,100.0000,2016-18
24981,58.6844,2.9988,27.4997,100.0000,2016-18
24992,54.1381,4.2105,25.2963,28.5714,2016-18
24993,58.4865,2.9451,27.4950,100.0000,2016-18
24994,58.2371,2.9720,27.4418,100.0000,2016-18
25004,54.7978,4.1547,25.5325,28.5714,2016-18
25005,58.2047,2.9297,27.4574,100.0000,2016-18
25006,57.9456,2.9566,27.3969,100.0000,2016-18
25014,55.2322,4.1183,25.6786,32.1429,2016-18
25015,58.1214,2.9086,27.4571,100.0000,2016-18
25016,57.7813,2.9104,27.3573,100.0000,2016-18
25023,58.6984,3.3448,27.2336,89.2857,2016-18
25024,57.8864,2.8802,27.4185,100.0000,2016-18
25025,57.8914,2.9471,27.3081,100.0000,2016-18
25032,58.5761,3.2717,27.2098,91.0714,2016-18
25033,57.6911,2.8135,27.4178,100.0000,2016-18
25034,57.9820,2.9719,27.2835,100.0000,2016-18
25040,58.4621,3.1858,27.1881,96.4286,2016-18
25041,57.6618,2.8339,27.4035,100.0000,2016-18
25042,57.6383,2.7413,27.3490,100.0000,2016-18
25048,58.3122,3.1029,27.1823,98.2143,2016-18
25049,57.5395,2.7660,27.4034,100.0000,2016-18
25050,57.9143,3.0761,27.1985,89.2857,2016-18
25056,58.2046,3.0433,27.1601,98.2143,2016-18
25057,57.9925,3.0356,27.2865,96.4286,2016-18
25058,57.7058,3.0365,27.1668,89.2857,2016-18
25064,58.0625,3.0379,27.1418,96.4286,2016-18
25065,57.6152,2.7469,27.5846,100.0000,2016-18
25066,57.4215,3.0940,27.0991,89.2857,2016-18
25072,57.9671,3.1334,27.1601,92.8571,2016-18
25073,57.1758,2.6958,27.5567,100.0000,2016-18
25074,56.7531,2.5942,27.5494,100.0000,2016-18
25080,57.2171,2.6708,27.5152,100.0000,2016-18
25081,99.6652,0.0026,33.0529,100.0000,2016-18
25082,56.7977,2.6414,27.5473,100.0000,2016-18
25088,57.2428,2.8532,27.4331,100.0000,2016-18
25089,56.8462,2.7774,27.4853,100.0000,2016-18
25090,56.8378,3.0131,27.1812,96.4286,2016-18
25096,57.1420,2.9750,27.3134,100.0000,2016-18
25097,57.0418,2.9712,27.2976,100.0000,2016-18
25098,54.8537,4.0108,25.5118,33.9286,2016-18
25104,56.7901,2.9239,27.3275,100.0000,2016-18
25105,57.0230,3.1298,27.1487,96.4286,2016-18
25106,54.4345,4.0286,25.3638,35.7143,2016-18
25112,56.5445,2.8222,27.3860,100.0000,2016-18
25113,56.4388,2.7650,27.3790,100.0000,2016-18
25114,54.4776,3.9894,25.4073,37.5000,2016-18
25120,56.2852,2.7059,27.3573,100.0000,2016-18
25121,55.9428,2.5670,27.3232,100.0000,2016-18
25122,54.3644,3.9856,25.3701,39.2857,2016-18
25128,56.4450,2.8062,27.3203,100.0000,2016-18
25129,56.0671,2.6064,27.3135,100.0000,2016-18
25130,54.2058,3.9837,25.3186,39.2857,2016-18
25136,56.1266,2.5392,27.3540,100.0000,2016-18
25137,55.8891,2.3601,27.3114,100.0000,2016-18
25138,53.4592,4.0081,25.0875,39.2857,2016-18
25143,56.5543,3.2446,26.9612,89.2857,2016-18
25144,56.4567,3.0479,27.0711,94.6429,2016-18
25145,52.0946,4.0730,24.6478,30.3571,2016-18
25150,56.5452,3.2791,26.9425,87.5000,2016-18
25151,56.4466,3.1179,27.0116,92.8571,2016-18
25152,52.3919,3.9850,24.8346,39.2857,2016-18
25155,56.4102,3.2402,26.9066,89.2857,2016-18
25156,56.3366,3.1086,26.9692,89.2857,2016-18
25157,52.7113,3.8993,25.0476,41.0714,2016-18
25160,56.1598,3.1603,26.8609,92.8571,2016-18
25161,56.1654,3.0695,26.9317,100.0000,2016-18
25162,52.6877,3.8779,25.0846,41.0714,2016-18
25165,55.8682,3.0489,26.8413,89.2857,2016-18
25166,56.0016,3.0273,26.9074,100.0000,2016-18
25167,52.5931,3.8725,25.0781,42.8571,2016-18
25170,55.6323,2.9951,26.8020,89.2857,2016-18
25171,55.8058,2.9794,26.8741,85.7143,2016-18
25172,52.4046,3.8664,25.0390,50.0000,2016-18
25175,55.4422,3.0076,26.7464,92.8571,2016-18
25176,55.5658,2.9464,26.8124,89.2857,2016-18
25177,52.2500,3.8355,25.0292,53.5714,2016-18
25180,55.3412,3.0355,26.6805,92.8571,2016-18
25181,55.3760,2.9398,26.7419,92.8571,2016-18
25182,52.0940,3.7915,25.0293,57.1429,2016-18
25185,55.2840,2.9888,26.6245,91.0714,2016-18
25186,55.2597,2.9128,26.6958,85.7143,2016-18
25187,51.8434,3.7698,24.9851,55.3571,2016-18
25190,55.0418,2.8928,26.5823,91.0714,2016-18
25191,55.0999,2.9541,26.5985,85.7143,2016-18
25192,51.5044,3.7877,24.8798,55.3571,2016-18
25195,54.7786,2.9171,26.4848,87.5000,2016-18
25196,54.8455,2.9987,26.4765,85.7143,2016-18
25197,51.1709,3.7979,24.7752,55.3571,2016-18
25200,54.6354,2.9427,26.4067,87.5000,2016-18
25201,54.6497,2.9426,26.4339,87.5000,2016-18
25202,50.7034,3.7953,24.6341,48.2143,2016-18
25205,54.4448,2.9782,26.3188,87.5000,2016-18
25206,54.4498,2.9721,26.3281,87.5000,2016-18
25207,49.8542,3.8276,24.3421,42.8571,2016-18
25210,54.1552,3.0346,26.1971,87.5000,2016-18
25211,53.8523,3.1215,26.0554,87.5000,2016-18
25212,49.8116,3.8202,24.3403,48.2143,2016-18
25215,53.9112,3.0184,26.1306,89.2857,2016-18
25216,53.4286,3.1108,25.9228,98.2143,2016-18
25217,52.8703,2.9050,25.7517,89.2857,2016-18
25220,53.6317,3.0192,26.0344,89.2857,2016-18
25221,53.1485,3.0047,25.8412,100.0000,2016-18
25222,52.7588,2.9023,25.7115,89.2857,2016-18
25228,53.3501,2.9815,25.9435,91.0714,2016-18
25229,52.8882,2.5349,25.7801,100.0000,2016-18
25230,52.6104,2.8479,25.6536,89.2857,2016-18
25236,53.0651,2.9786,25.8236,91.0714,2016-18
25237,52.7425,2.1223,25.7418,100.0000,2016-18
25238,52.4633,2.7373,25.5940,89.2857,2016-18
25247,52.8148,3.0180,25.7131,91.0714,2016-18
25248,52.6636,2.8890,25.6745,89.2857,2016-18
25249,52.3707,2.6811,25.5553,89.2857,2016-18
25260,52.6063,2.9702,25.6405,91.0714,2016-18
25261,52.5406,2.9159,25.6231,91.0714,2016-18
25262,48.5561,3.6267,23.9224,55.3571,2016-18
25273,52.4889,2.9268,25.6003,91.0714,2016-18
25274,52.4186,2.9307,25.5719,91.0714,2016-18
25275,47.4167,3.7236,23.4435,35.7143,2016-18
25286,52.3832,2.8903,25.5600,89.2857,2016-18
25287,52.2859,2.9425,25.5155,92.8571,2016-18
25288,47.3986,3.6926,23.4287,39.2857,2016-18
25301,92.7269,0.0009,31.7566,100.0000,2016-18
25302,52.0535,2.9900,25.4121,92.8571,2016-18
25303,47.5964,3.6917,23.5036,46.4286,2016-18
25321,52.1789,2.8760,25.4701,89.2857,2016-18
25322,51.9420,2.9623,25.3635,92.8571,2016-18
25323,47.7251,3.6950,23.5512,58.9286,2016-18
25343,52.0503,2.9042,25.4054,89.2857,2016-18
25344,51.7982,3.0591,25.2868,89.2857,2016-18
25345,47.5028,3.6919,23.4515,58.9286,2016-18
25367,52.8812,2.5629,25.7622,100.0000,2016-18
25368,51.5124,3.1278,25.1562,87.5000,2016-18
25369,47.6688,3.7247,23.5159,58.9286,2016-18
25392,52.5232,2.6913,25.5997,100.0000,2016-18
25393,52.3869,2.6462,25.5335,100.0000,2016-18
25394,47.8010,3.7442,23.5657,58.9286,2016-18
25419,52.4619,2.6780,25.5702,100.0000,2016-18
25420,52.3124,2.6750,25.5018,98.2143,2016-18
25421,51.1912,3.1301,25.0032,87.5000,2016-18
25447,51.3811,3.0632,25.0887,87.5000,2016-18
25448,52.0750,2.6771,25.3915,96.4286,2016-18
25449,51.7950,2.9116,25.2594,92.8571,2016-18
25476,51.2873,3.0710,25.0445,87.5000,2016-18
25477,51.8959,2.7747,25.3127,92.8571,2016-18
25478,51.4940,2.9698,25.1304,92.8571,2016-18
25505,51.1524,3.0816,24.9783,87.5000,2016-18
25506,51.4557,2.9191,25.1343,92.8571,2016-18
25507,51.3410,2.9913,25.0677,92.8571,2016-18
25538,51.0451,3.0959,24.9248,87.5000,2016-18
25539,52.7248,0.0097,26.2382,100.0000,2016-18
25540,51.3444,2.9385,25.0682,92.8571,2016-18
25569,50.9353,3.1168,24.8730,83.9286,2016-18
25570,51.2137,2.9891,25.0093,92.8571,2016-18
25571,51.0316,3.0650,24.9210,92.8571,2016-18
25598,50.8171,3.1435,24.8082,83.9286,2016-18
25599,51.1789,2.9825,24.9915,92.8571,2016-18
25600,51.0238,3.0088,24.9166,92.8571,2016-18
25613,50.6116,3.1823,24.7115,83.9286,2016-18
25614,51.1821,2.9642,24.9920,92.8571,2016-18
25615,51.0741,2.9098,24.9382,92.8571,2016-18
25629,50.4899,3.1854,24.6589,85.7143,2016-18
25630,51.1959,2.9394,24.9965,92.8571,2016-18
25631,50.2376,3.2714,24.5392,83.9286,2016-18
25643,49.8322,3.2994,24.3682,83.9286,2016-18
25644,51.2087,2.9157,25.0004,94.6429,2016-18
25645,47.6214,3.4665,23.2834,80.3571,2016-18
25652,49.8895,3.2448,24.3855,83.9286,2016-18
25653,51.2218,2.8367,25.0030,94.6429,2016-18
25654,46.2792,3.7024,22.6793,73.2143,2016-18
25658,49.6616,3.2595,24.2584,83.9286,2016-18
25659,49.8647,3.1900,24.3537,83.9286,2016-18
25660,46.1684,3.6881,22.6209,71.4286,2016-18
25664,49.2197,3.2930,24.0380,100.0000,2016-18
25665,49.4664,3.2037,24.1431,85.7143,2016-18
25666,46.0713,3.6714,22.5694,66.0714,2016-18
25670,49.1629,3.2749,24.0005,85.7143,2016-18
25671,49.0880,3.2625,23.9477,83.9286,2016-18
25672,44.9526,3.7671,22.1321,41.0714,2016-18
25676,49.1069,3.2471,23.9460,83.9286,2016-18
25677,46.8271,3.5921,22.8722,75.0000,2016-18
25678,45.7121,3.6787,22.4192,58.9286,2016-18
25682,91.0823,0.0019,31.9156,100.0000,2016-18
25683,48.9512,3.2295,23.8522,83.9286,2016-18
25684,45.7225,3.6437,22.4099,57.1429,2016-18
25688,49.1171,3.0939,23.8172,89.2857,2016-18
25689,46.8644,3.5357,22.8721,67.8571,2016-18
25690,45.7225,3.5903,22.3760,53.5714,2016-18
25694,47.9220,3.1283,23.5792,75.0000,2016-18
25695,46.2261,3.2839,23.2620,75.0000,2016-18
25696,46.2991,3.6091,22.5311,62.5000,2016-18
25700,46.9955,3.0631,23.4763,73.2143,2016-18
25701,45.2593,3.2423,23.2116,73.2143,2016-18
25702,43.5349,3.1660,23.1663,76.7857,2016-18
25706,42.5992,3.4771,23.5513,67.8571,2016-18
25707,42.7832,3.5498,23.5434,69.6429,2016-18
25708,45.3609,3.5667,22.4221,62.5000,2016-18
25712,38.2115,3.7575,24.0251,57.1429,2016-18
25713,35.2453,0.4187,25.8369,100.0000,2016-18
25714,38.6561,3.7280,23.9185,60.7143,2016-18
25718,37.2378,3.8480,24.1535,51.7857,2016-18
25719,33.8661,2.8828,25.5059,96.4286,2016-18
25723,37.2748,3.8936,24.2339,44.6429,2016-18
25724,33.8028,2.8200,25.4784,87.5000,2016-18
25728,37.7363,3.9638,24.2922,41.0714,2016-18
25729,38.0600,3.9041,24.2090,46.4286,2016-18
25733,30.2282,4.3144,25.7800,48.2143,2016-18
25734,43.5133,3.6990,22.4680,46.4286,2016-18
25738,30.1956,4.4137,25.7362,44.6429,2016-18
25739,36.0952,4.1337,24.4683,39.2857,2016-18
25743,30.1293,4.4885,25.7034,41.0714,2016-18
25744,29.7326,4.5736,25.7441,39.2857,2016-18
25748,33.3627,4.4927,24.7530,39.2857,2016-18
25749,29.6200,4.6127,25.7051,39.2857,2016-18
25753,29.4927,4.6642,25.7034,39.2857,2016-18
25754,29.5417,4.6356,25.6846,39.2857,2016-18
25758,29.6191,4.6807,25.6968,35.7143,2016-18
25759,32.8510,4.5327,24.8214,37.5000,2016-18
25763,29.7914,4.6683,25.6630,33.9286,2016-18
25764,41.0071,3.8960,22.6026,41.0714,2016-18
25768,32.6036,4.5923,25.0483,30.3571,2016-18
25769,30.3357,4.7346,25.3878,28.5714,2016-18
25773,32.7575,4.5934,25.1402,30.3571,2016-18
25774,21.3607,5.5117,27.1752,5.3571,2016-18
25778,39.4313,4.0424,22.4915,30.3571,2016-18
25779,21.2501,5.6659,27.1742,1.7857,2016-18
25783,38.3292,4.1712,22.4591,30.3571,2016-18
25784,21.0616,5.7830,27.1909,0.0000,2016-18
25788,22.4134,6.0857,26.0396,0.0000,2016-18
25789,20.0805,5.9143,27.3452,0.0000,2016-18
25793,20.9010,6.3058,26.3855,0.0000,2016-18
25794,20.9143,6.3194,26.5048,0.0000,2016-18
25798,19.7160,6.5315,26.7242,0.0000,2016-18
25799,20.9240,6.3702,26.6397,0.0000,2016-18
25803,1.9033,9.0205,29.8490,0.0000,2016-18
25804,2.1563,8.9275,29.8312,0.0000,2016-18
25808,1.6669,9.1125,29.8652,0.0000,2016-18
25809,2.4927,8.9276,29.8047,0.0000,2016-18
25813,0.0873,9.3068,30.0000,0.0000,2016-18
25814,2.9556,8.8858,29.7634,0.0000,2016-18
25818,0.0108,9.4590,30.0001,0.0000,2016-18
25819,2.3538,9.0233,29.7757,0.0000,2016-18
25823,2.3588,8.8836,29.8181,0.0000,2016-18
25824,2.6571,8.8818,29.7646,0.0000,2016-18
25827,16.2355,7.0423,27.1354,0.0000,2016-18
25828,17.1622,6.8998,27.0485,0.0000,2016-18
25831,12.1244,6.6300,29.1785,0.0000,2016-18
25832,12.2744,6.4892,29.2532,0.0000,2016-18
25835,12.5063,6.3526,29.3522,0.0000,2016-18
25836,12.3251,6.4630,29.3433,0.0000,2016-18
25839,13.1668,6.0786,29.4382,0.0000,2016-18
25840,17.7830,6.5608,27.1372,0.0000,2016-18
25843,29.2356,0.0000,30.1668,62.5000,2016-18
25844,30.4564,5.1992,22.2561,16.0714,2016-18
25847,13.8333,5.9926,29.3910,0.0000,2016-18
25848,29.7016,5.2862,21.7849,8.9286,2016-18
25851,17.8078,6.6384,27.1500,0.0000,2016-18
25852,27.4459,5.5546,20.2843,1.7857,2016-18
25855,20.8490,6.2973,26.1834,0.0000,2016-18
25856,20.7771,6.2851,26.1825,0.0000,2016-18
25860,20.4435,6.3034,26.1927,0.0000,2016-18
25861,20.6176,6.2989,26.1371,0.0000,2016-18
25865,21.6220,6.1872,25.8454,0.0000,2016-18
25866,20.9664,6.2427,25.9931,0.0000,2016-18
25870,21.5160,6.1678,25.8205,0.0000,2016-18
25871,21.8618,6.1355,25.6118,0.0000,2016-18
25875,27.9410,5.5396,21.6551,1.7857,2016-18
25876,23.4922,5.9719,24.7217,0.0000,2016-18
25880,25.3809,5.8399,19.6401,0.0000,2016-18
25881,24.1202,5.9108,24.1205,0.0000,2016-18
25885,25.2659,5.8460,19.6649,0.0000,2016-18
25886,22.0994,5.6419,25.0004,12.5000,2016-18
25890,23.7754,5.9471,23.7567,0.0000,2016-18
25891,22.1995,5.7180,24.9259,7.1429,2016-18
25895,21.9098,5.4657,24.9563,17.8571,2016-18
25896,22.0215,5.6580,24.9482,10.7143,2016-18
25900,23.2070,5.9242,23.9399,0.0000,2016-18
25901,23.7707,5.9457,23.8092,0.0000,2016-18
25905,22.9944,5.9247,23.9344,0.0000,2016-18
25906,23.5260,5.9506,23.8087,0.0000,2016-18
25910,22.9159,5.9197,23.8722,3.5714,2016-18
25911,23.2681,5.9493,23.8144,0.0000,2016-18
25915,78.7545,0.0005,29.7530,100.0000,2016-18
25916,22.9240,5.9343,23.8297,3.5714,2016-18
25920,22.4748,5.8953,23.9664,10.7143,2016-18
25921,22.6848,5.8703,23.7966,7.1429,2016-18
25925,22.4014,5.7808,23.9561,14.2857,2016-18
25926,22.6953,5.7092,23.7965,14.2857,2016-18
25930,22.5723,4.8570,26.1019,67.8571,2016-18
25931,22.7096,4.7104,26.0982,75.0000,2016-18
25935,22.4669,5.3379,24.3919,26.7857,2016-18
25936,22.5389,5.3959,24.3172,26.7857,2016-18
25940,22.1660,6.0321,21.1148,0.0000,2016-18
25941,21.9934,6.1189,20.6268,0.0000,2016-18
25946,21.5253,6.1061,20.5143,0.0000,2016-18
25947,21.7226,6.1220,20.5548,0.0000,2016-18
25952,21.9290,5.8486,21.4151,3.5714,2016-18
25953,22.1706,5.9710,21.4010,5.3571,2016-18
25958,21.4902,5.8972,21.1264,5.3571,2016-18
25959,21.6292,5.9935,21.1215,5.3571,2016-18
25966,22.4152,4.9957,21.5523,60.7143,2016-18
25967,23.2026,3.9454,21.5844,71.4286,2016-18
25974,22.7194,4.6275,21.5486,67.8571,2016-18
25975,23.2103,4.0750,21.5779,73.2143,2016-18
25982,22.7859,4.6237,21.5392,66.0714,2016-18
25983,23.1782,4.2381,21.5718,69.6429,2016-18
25990,22.8451,4.6339,21.5418,67.8571,2016-18
25991,23.2026,4.2871,21.5798,69.6429,2016-18
25998,22.9183,4.6408,21.5515,66.0714,2016-18
25999,23.3223,4.2926,21.6007,62.5000,2016-18
26005,23.0658,4.5570,21.5636,64.2857,2016-18
26006,23.4616,4.3024,21.6216,53.5714,2016-18
26012,23.3625,4.3781,21.6051,55.3571,2016-18
26013,23.5567,4.3332,21.6318,53.5714,2016-18
26019,23.4236,4.4215,21.6148,55.3571,2016-18
26020,23.5480,4.3951,21.6240,51.7857,2016-18
26026,23.4107,4.4852,21.5996,53.5714,2016-18
26027,23.5047,4.4440,21.6065,51.7857,2016-18
26033,23.6390,4.3881,21.6530,51.7857,2016-18
26034,22.4852,5.2506,20.8677,17.8571,2016-18
26040,23.7627,4.4412,21.6821,51.7857,2016-18
26041,20.1131,6.1552,19.1428,0.0000,2016-18
26047,23.5756,4.4912,21.6294,48.2143,2016-18
26048,19.8540,6.1309,18.6915,0.0000,2016-18
26054,22.3418,5.3662,20.8577,17.8571,2016-18
26055,22.5546,5.1544,20.8287,41.0714,2016-18
26061,22.4161,5.3273,20.8604,17.8571,2016-18
26062,22.6623,5.0769,20.8023,44.6429,2016-18
26068,22.4923,5.2896,20.8504,23.2143,2016-18
26069,22.7214,5.0581,20.7792,44.6429,2016-18
26075,22.5480,5.2632,20.8270,28.5714,2016-18
26076,22.7560,5.0571,20.7554,46.4286,2016-18
26081,22.6101,5.2188,20.7963,39.2857,2016-18
26082,22.8682,4.9778,20.7266,46.4286,2016-18
26085,22.7029,5.1464,20.7608,41.0714,2016-18
26086,22.9525,4.9686,20.6797,46.4286,2016-18
26089,22.7456,5.1064,20.7479,42.8571,2016-18
26090,22.9822,5.0139,20.6451,46.4286,2016-18
26095,22.7701,5.0746,20.7465,44.6429,2016-18
26096,22.9703,5.0352,20.6487,46.4286,2016-18
26103,22.8123,5.0329,20.7405,46.4286,2016-18
26104,23.0304,4.9958,20.6338,46.4286,2016-18
26111,22.8764,4.9914,20.7253,46.4286,2016-18
26112,23.0731,4.9717,20.6338,48.2143,2016-18
26122,22.9278,4.9583,20.7129,46.4286,2016-18
26123,23.0839,4.9745,20.6348,48.2143,2016-18
26136,23.8141,4.3760,21.3221,69.6429,2016-18
26137,23.0872,4.9947,20.6508,51.7857,2016-18
26151,23.8748,4.1994,21.3315,76.7857,2016-18
26152,23.1794,4.8686,20.7501,55.3571,2016-18
26166,23.1974,4.7806,20.8159,53.5714,2016-18
26167,23.1954,4.8180,20.7527,57.1429,2016-18
26182,23.2312,4.7310,20.7987,60.7143,2016-18
26183,23.2093,4.7837,20.7383,62.5000,2016-18
26200,23.1844,4.7734,20.7267,62.5000,2016-18
26201,23.1982,4.7672,20.7123,64.2857,2016-18
26221,23.1640,4.7611,20.6869,62.5000,2016-18
26222,23.1388,4.7917,20.6528,64.2857,2016-18
26245,22.9774,4.8625,20.4978,62.5000,2016-18
26246,22.9019,4.9508,20.4425,60.7143,2016-18
26269,19.7740,5.8176,17.8504,1.7857,2016-18
26270,22.8782,4.9501,20.4056,62.5000,2016-18
26281,19.7261,5.8186,17.7978,1.7857,2016-18
26282,22.8571,4.9642,20.3687,53.5714,2016-18
26291,22.7754,5.0371,20.2506,53.5714,2016-18
26292,22.7822,5.0551,20.2763,50.0000,2016-18
26301,22.7866,5.0416,20.2196,50.0000,2016-18
26302,22.7827,5.0706,20.2298,48.2143,2016-18
26313,22.9829,4.9478,20.2855,60.7143,2016-18
26314,23.0327,4.9708,20.3293,55.3571,2016-18
26326,23.4453,4.7119,20.4926,62.5000,2016-18
26327,23.3985,4.8649,20.5375,57.1429,2016-18
26342,20.7992,5.4195,18.5064,12.5000,2016-18
26343,23.4898,4.9072,20.6216,57.1429,2016-18
26362,20.2786,5.3973,17.8952,10.7143,2016-18
26363,20.6301,5.5355,18.3962,10.7143,2016-18
26384,20.3833,5.3586,17.9180,14.2857,2016-18
26385,20.2637,5.5600,18.0578,10.7143,2016-18
26405,20.4026,5.3308,17.9040,14.2857,2016-18
26406,19.1008,5.6264,16.9705,5.3571,2016-18
26430,20.4169,5.3058,17.8905,10.7143,2016-18
26431,20.0409,5.3566,17.5601,12.5000,2016-18
26459,20.7175,5.1796,17.9392,10.7143,2016-18
26460,21.2178,5.0533,18.0595,17.8571,2016-18
26488,26.9259,3.4028,19.9529,83.9286,2016-18
26489,26.9005,3.4616,19.9760,89.2857,2016-18
26513,26.0877,3.7096,19.7948,87.5000,2016-18
26514,99.5523,0.0006,29.9245,100.0000,2016-18
26531,25.1364,4.0206,19.6591,71.4286,2016-18
26532,25.6286,3.8499,19.6929,94.6429,2016-18
26546,19.6884,5.3858,16.9386,8.9286,2016-18
26547,23.0986,4.1385,18.6226,73.2143,2016-18
26562,18.1319,5.6327,15.8101,3.5714,2016-18
26563,17.9926,5.6135,15.6410,7.1429,2016-18
26569,18.2075,5.5938,15.8243,5.3571,2016-18
26570,17.6283,5.6326,15.3261,7.1429,2016-18
26573,18.2733,5.5549,15.8337,5.3571,2016-18
26574,17.9235,5.5572,15.5113,7.1429,2016-18
26577,17.8750,5.6062,15.5178,3.5714,2016-18
26578,17.9811,5.5206,15.5224,7.1429,2016-18
26581,17.5302,5.6486,15.2371,1.7857,2016-18
26582,17.7085,5.5550,15.3151,5.3571,2016-18
26585,17.9210,5.5222,15.4172,3.5714,2016-18
26586,18.0167,5.4280,15.3850,7.1429,2016-18
26589,17.9583,5.4710,15.3953,5.3571,2016-18
26590,18.0249,5.3828,15.3390,7.1429,2016-18
26593,17.9675,5.4023,15.3232,7.1429,2016-18
26594,18.0246,5.3322,15.2708,10.7143,2016-18
26597,17.9700,5.3388,15.2475,8.9286,2016-18
26598,18.0455,5.2890,15.2198,14.2857,2016-18
26601,18.0011,5.2729,15.1875,12.5000,2016-18
26602,18.1095,5.2486,15.1969,16.0714,2016-18
26605,18.0702,5.1981,15.1283,16.0714,2016-18
26606,18.1718,5.1969,15.1399,19.6429,2016-18
26609,18.1833,5.1176,15.0905,21.4286,2016-18
26610,18.3154,5.1126,15.1022,23.2143,2016-18
26613,18.3989,5.0197,15.0603,21.4286,2016-18
26614,18.5461,5.0150,15.0582,25.0000,2016-18
26617,18.6419,4.9264,15.0575,26.7857,2016-18
26618,18.8485,4.8934,15.0642,26.7857,2016-18
26621,18.8359,4.8535,15.0742,28.5714,2016-18
26622,19.0309,4.8279,15.1090,25.0000,2016-18
26625,19.0339,4.7801,15.1085,28.5714,2016-18
26626,19.2360,4.7454,15.1734,28.5714,2016-18
26629,20.8581,3.9921,15.8030,69.6429,2016-18
26630,20.9784,3.8336,15.8305,76.7857,2016-18
26633,19.4060,4.6723,15.2363,30.3571,2016-18
26634,19.5426,4.5979,15.2723,33.9286,2016-18
26637,19.4543,4.6932,15.2980,25.0000,2016-18
26638,19.5561,4.5961,15.2923,35.7143,2016-18
26641,19.3808,4.7230,15.2580,26.7857,2016-18
26642,19.6000,4.5504,15.2872,35.7143,2016-18
26645,19.4441,4.6796,15.2673,28.5714,2016-18
26646,19.7489,4.4113,15.2902,39.2857,2016-18
26649,19.5841,4.5662,15.2808,37.5000,2016-18
26650,20.0312,4.1589,15.3002,55.3571,2016-18
26653,19.6781,4.5023,15.2899,44.6429,2016-18
26654,20.0713,4.1410,15.2993,66.0714,2016-18
26657,19.7553,4.4446,15.2923,58.9286,2016-18
26658,20.0178,4.1786,15.2845,71.4286,2016-18
26661,19.8471,4.3704,15.2822,73.2143,2016-18
26662,20.0055,4.1585,15.2426,78.5714,2016-18
26665,19.9700,4.2606,15.2768,80.3571,2016-18
26666,19.8106,4.2406,15.1475,76.7857,2016-18
26669,19.1925,4.5701,14.9000,58.9286,2016-18
26670,19.3773,4.4326,14.9587,58.9286,2016-18
26673,15.7876,5.4739,13.1104,10.7143,2016-18
26674,15.8126,5.2997,13.0095,16.0714,2016-18
26677,18.0547,4.0043,13.9026,48.2143,2016-18
26678,18.2009,3.7654,13.9198,55.3571,2016-18
26681,15.2104,5.5750,12.7622,10.7143,2016-18
26682,15.1437,5.4600,12.6096,14.2857,2016-18
26685,14.2729,5.7910,12.2487,8.9286,2016-18
26686,14.3664,5.6646,12.1960,12.5000,2016-18
26689,14.0461,5.8444,12.1100,8.9286,2016-18
26690,13.5444,5.8448,11.7573,8.9286,2016-18
26693,13.8569,5.8849,11.9985,8.9286,2016-18
26694,13.9377,5.7576,11.9189,12.5000,2016-18
26697,25.6446,3.2288,15.3068,94.6429,2016-18
26698,75.7317,0.0014,27.1894,100.0000,2016-18
26701,23.5278,3.5303,14.7454,91.0714,2016-18
26702,22.9170,3.8104,14.5866,92.8571,2016-18
26705,14.3060,5.7372,12.0244,16.0714,2016-18
26706,14.7217,5.5615,12.1798,16.0714,2016-18
26709,14.2280,5.7224,11.9674,16.0714,2016-18
26710,14.4862,5.5735,12.0492,19.6429,2016-18
26713,14.0640,5.7214,11.8699,16.0714,2016-18
26714,14.4640,5.5361,12.0217,21.4286,2016-18
26717,15.7742,4.8317,12.5050,46.4286,2016-18
26718,15.7202,4.9248,12.4976,50.0000,2016-18
26721,15.5313,5.0150,12.4324,41.0714,2016-18
26722,15.7022,4.8783,12.4569,50.0000,2016-18
26725,15.6991,4.8430,12.4437,37.5000,2016-18
26726,15.6576,4.8951,12.4408,46.4286,2016-18
26729,14.7228,5.2817,12.0926,23.2143,2016-18
26730,13.9149,5.4894,11.6873,17.8571,2016-18
26733,14.4179,5.4033,11.9548,19.6429,2016-18
26734,13.9319,5.4977,11.7076,21.4286,2016-18
26737,14.0899,5.4262,11.7638,35.7143,2016-18
26738,14.7504,5.1625,12.0421,53.5714,2016-18
26741,14.3525,5.2014,11.8432,44.6429,2016-18
26742,14.5687,5.0797,11.9223,53.5714,2016-18
26745,14.5188,4.8914,11.8521,48.2143,2016-18
26746,14.2928,5.1100,11.7806,42.8571,2016-18
26749,12.7610,5.6998,11.1195,16.0714,2016-18
26750,12.5745,5.7736,11.0376,33.9286,2016-18
26753,12.7803,5.6682,11.1153,33.9286,2016-18
26754,12.6538,5.7039,11.0525,55.3571,2016-18
26757,12.8140,5.6288,11.1153,50.0000,2016-18
26758,12.7569,5.6009,11.0696,60.7143,2016-18
26761,12.8494,5.5767,11.1119,55.3571,2016-18
26762,12.8370,5.4918,11.0765,66.0714,2016-18
26765,12.8836,5.5092,11.1056,60.7143,2016-18
26766,12.8525,5.4074,11.0579,66.0714,2016-18
26769,12.8840,5.4495,11.0856,64.2857,2016-18
26770,12.7325,5.3947,10.9830,66.0714,2016-18
26773,12.6778,5.4518,10.9704,64.2857,2016-18
26774,12.2171,5.5370,10.7272,64.2857,2016-18
26777,12.6367,5.2741,10.7976,87.5000,2016-18
26778,13.0133,5.1425,10.9147,87.5000,2016-18
26781,13.1422,5.0520,10.9334,94.6429,2016-18
26782,13.9204,4.7621,11.1515,96.4286,2016-18
26785,14.6712,4.4324,11.3400,98.2143,2016-18
26786,15.2382,4.2627,11.5047,98.2143,2016-18
26789,15.7575,4.0128,11.6240,100.0000,2016-18
26790,15.8759,4.0443,11.6721,100.0000,2016-18
26794,16.1539,3.9030,11.7289,100.0000,2016-18
26795,16.1140,3.9922,11.7375,100.0000,2016-18
26802,16.3716,3.8871,11.7871,100.0000,2016-18
26803,16.3643,3.9359,11.8014,100.0000,2016-18
26813,20.2428,2.6119,12.8877,100.0000,2016-18
26814,20.1758,2.6380,12.8666,100.0000,2016-18
26827,20.1026,2.6639,12.8452,100.0000,2016-18
26828,20.0614,2.6805,12.8333,100.0000,2016-18
26847,19.7425,2.7972,12.7398,100.0000,2016-18
26848,19.7811,2.7864,12.7526,100.0000,2016-18
26872,19.5221,2.8824,12.6759,100.0000,2016-18
26873,19.4845,2.9007,12.6659,100.0000,2016-18
26893,19.3656,2.9388,12.6312,100.0000,2016-18
26894,19.2903,2.9695,12.6101,100.0000,2016-18
26907,17.1677,3.7299,11.9606,100.0000,2016-18
26908,19.3934,2.9117,12.6391,100.0000,2016-18
26921,19.3141,2.9334,12.6172,100.0000,2016-18
26922,19.4599,2.8664,12.6582,100.0000,2016-18
26933,19.4097,2.8808,12.6447,100.0000,2016-18
26934,19.5126,2.8250,12.6736,100.0000,2016-18
26944,17.6506,3.5196,12.0728,100.0000,2016-18
26945,17.4544,3.5797,12.0147,100.0000,2016-18
26954,17.8227,3.4399,12.1158,100.0000,2016-18
26955,17.6654,3.4897,12.0687,100.0000,2016-18
26966,25.6131,0.2079,14.5661,100.0000,2016-18
26967,25.6886,0.1746,14.5898,100.0000,2016-18
26975,17.9349,3.3834,12.1326,100.0000,2016-18
26976,17.7749,3.4361,12.0833,100.0000,2016-18
26984,12.5238,5.2640,10.3482,67.8571,2016-18
26985,12.5111,5.2614,10.3376,75.0000,2016-18
26993,12.6609,5.2113,10.3776,76.7857,2016-18
26994,12.6989,5.1719,10.3740,82.1429,2016-18
27003,12.7857,5.1496,10.3992,78.5714,2016-18
27004,12.8591,5.0683,10.3951,85.7143,2016-18
27013,12.8826,5.0850,10.4102,85.7143,2016-18
27014,12.9710,4.9625,10.3972,91.0714,2016-18
27020,12.9400,5.0329,10.4123,91.0714,2016-18
27021,13.0193,4.8929,10.3882,91.0714,2016-18
27025,12.9835,4.9809,10.4108,91.0714,2016-18
27026,13.0507,4.8355,10.3881,91.0714,2016-18
27029,13.0165,4.9272,10.4046,91.0714,2016-18
27030,13.0738,4.7806,10.3850,91.0714,2016-18
27032,13.0467,4.8683,10.3999,91.0714,2016-18
27033,13.0994,4.7070,10.3785,91.0714,2016-18
27035,13.0722,4.8053,10.3935,91.0714,2016-18
27036,13.1259,4.6201,10.3699,91.0714,2016-18
27038,13.0964,4.7320,10.3854,91.0714,2016-18
27039,13.1497,4.5374,10.3617,91.0714,2016-18
27041,13.1251,4.6332,10.3742,91.0714,2016-18
27042,13.1681,4.4742,10.3556,92.8571,2016-18
27044,13.1477,4.5491,10.3651,92.8571,2016-18
27045,13.1827,4.4173,10.3509,92.8571,2016-18
27047,13.1694,4.4667,10.3567,92.8571,2016-18
27048,13.1961,4.3672,10.3468,92.8571,2016-18
27050,13.1879,4.3973,10.3501,92.8571,2016-18
27051,13.2098,4.3180,10.3426,92.8571,2016-18
27053,13.2037,4.3396,10.3448,92.8571,2016-18
27054,13.2216,4.2765,10.3391,92.8571,2016-18
27056,13.2153,4.2985,10.3411,92.8571,2016-18
27057,13.2231,4.2712,10.3387,92.8571,2016-18
